# TestName Variant NumThreads   MinTime MedianTime MaxTime  Productivity1 Productivity2 Productivity3
#    
# Thu Sep 24 10:25:11 EDT 2015
# Linux cutter-m 3.19.0-28-generic #30~14.04.1-Ubuntu SMP Tue Sep 1 09:32:55 UTC 2015 x86_64 x86_64 x86_64 GNU/Linux
# Ran by: hpx5 
# Determined machine to have 1 hardware threads.
# Default topology: pid 47613's current affinity list: 0-15
# 
# Running each test for 5 trial(s).
# Git_Branch: remotes/origin/master
# Git_Hash: 20785487489324dcb25c7a2a8c65f3dd332b8f28
# Git_Depth: 47
#  Path registry: fromList []
parfib                              30                   cilk     2    0.0899671 0.0928151 0.1247073   0 0 0
parfib                              30                   cilk     4    0.0354512 0.0389317 0.0540727   0 0 0
parfib                              30                   cilk     8    0.0135076 0.0171051 0.0193667   0 0 0
parfib                              30                   cilk     10   0.011099 0.0111738 0.0118839   0 0 0
parfib                              30                   cilk     12   0.0094904 0.0098245 0.0299943   0 0 0
parfib                              30                   cilk     14   0.008479 0.0096222 0.01024   0 0 0
parfib                              30                   cilk     16   0.0078598 0.0094408 0.0126049   0 0 0
parfib                              35                   cilk     2    0.4842771 0.5146124 0.5461166   0 0 0
parfib                              35                   cilk     4    0.2380818 0.242559 0.2955921   0 0 0
parfib                              35                   cilk     8    0.1246637 0.1263526 0.1338491   0 0 0
parfib                              35                   cilk     10   0.1013882 0.1031661 0.1076227   0 0 0
parfib                              35                   cilk     12   0.0864914 0.0872703 0.0923792   0 0 0
parfib                              35                   cilk     14   0.0752566 0.0761683 0.0780943   0 0 0
parfib                              35                   cilk     16   0.0673708 0.068977 0.0720254   0 0 0
parfib                              37                   cilk     2    1.2370424 1.2627514 1.3118105   0 0 0
parfib                              37                   cilk     4    0.6287914 0.6452896 0.6481074   0 0 0
parfib                              37                   cilk     8    0.3250323 0.326562 0.3287968   0 0 0
parfib                              37                   cilk     10   0.2640421 0.2662094 0.2685607   0 0 0
parfib                              37                   cilk     12   0.2239877 0.2247124 0.2271426   0 0 0
parfib                              37                   cilk     14   0.1947281 0.1966868 0.2052439   0 0 0
parfib                              37                   cilk     16   0.1738136 0.1748955 0.18156   0 0 0
parfib                              30                   hpx      2    0.9960528 1.0102908 1.0695402   0 0 0
parfib                              30                   hpx      4    0.5301143 0.5861452 0.6029725   0 0 0
parfib                              30                   hpx      8    0.4475616 0.5113102 0.5256093   0 0 0
parfib                              30                   hpx      10   0.4620585 0.5305694 0.5665046   0 0 0
parfib                              30                   hpx      12   0.4550859 0.5185806 0.6077237   0 0 0
parfib                              30                   hpx      14   0.527174 0.5689706 0.6128036   0 0 0
parfib                              30                   hpx      16   0.4538976 0.5374419 0.6588227   0 0 0
parfib                              35                   hpx      2    10.8328663 10.89782 11.7249424   0 0 0
parfib                              35                   hpx      4    5.464346 5.5067429 5.5175288   0 0 0
parfib                              35                   hpx      8    2.9316406 3.0236483 3.0792743   0 0 0
parfib                              35                   hpx      10   2.3014604 2.5511868 2.6035435   0 0 0
parfib                              35                   hpx      12   1.9482308 2.2414734 2.2843754   0 0 0
parfib                              35                   hpx      14   2.0497477 2.0967199 2.1191177   0 0 0
parfib                              35                   hpx      16   1.8863281 1.9515464 1.978071   0 0 0
parfib                              37                   hpx      2    28.2113562 28.2670917 28.5860684   0 0 0
parfib                              37                   hpx      4    14.1329617 14.2040119 14.2677163   0 0 0
parfib                              37                   hpx      8    7.4299862 7.6387348 7.7238033   0 0 0
parfib                              37                   hpx      10   6.0104668 6.4763758 6.5502306   0 0 0
parfib                              37                   hpx      12   5.5389779 5.7398358 6.0536727   0 0 0
parfib                              37                   hpx      14   4.6633712 5.0878846 5.1813072   0 0 0
parfib                              37                   hpx      16   4.5151286 4.5922739 4.7958376   0 0 0
parfib                              30                   omp      2    0.250404 0.2557918 0.2821818   0 0 0
parfib                              30                   omp      4    0.1538533 0.1786852 0.2305626   0 0 0
parfib                              30                   omp      8    0.0990447 0.1124908 0.1548871   0 0 0
parfib                              30                   omp      10   0.1279523 0.1368944 0.1516189   0 0 0
parfib                              30                   omp      12   0.11549 0.1510995 0.1875083   0 0 0
parfib                              30                   omp      14   0.07149 0.1542282 0.2618079   0 0 0
parfib                              30                   omp      16   0.1108283 0.1479472 0.2408587   0 0 0
parfib                              35                   omp      2    3.1526529 3.1566323 3.3110451   0 0 0
parfib                              35                   omp      4    2.1148906 2.3139152 2.5640942   0 0 0
parfib                              35                   omp      8    1.3531983 1.5176991 1.7615999   0 0 0
parfib                              35                   omp      10   1.2749522 1.4109387 1.4393148   0 0 0
parfib                              35                   omp      12   1.1057997 1.1874533 1.3256389   0 0 0
parfib                              35                   omp      14   1.0462301 1.1092901 1.2112344   0 0 0
parfib                              35                   omp      16   0.8945952 1.0247248 1.1486967   0 0 0
parfib                              37                   omp      2    8.3080311 8.348231 8.6913177   0 0 0
parfib                              37                   omp      4    4.8988561 5.7209716 6.2151872   0 0 0
parfib                              37                   omp      8    3.6156386 4.1425497 4.4208462   0 0 0
parfib                              37                   omp      10   3.3975906 3.440997 3.7559915   0 0 0
parfib                              37                   omp      12   2.7934933 3.2843923 3.7685132   0 0 0
parfib                              37                   omp      14   2.6852502 2.7871232 2.9759058   0 0 0
parfib                              37                   omp      16   2.6317606 2.8383793 3.1154949   0 0 0
parfib                              30                   qthreads  2    0.3752019 0.4970857 0.5214218   0 0 0
parfib                              30                   qthreads  4    0.4467932 0.452716 0.4664355   0 0 0
parfib                              30                   qthreads  8    0.2475826 0.253279 0.2616514   0 0 0
parfib                              30                   qthreads  10   0.2841669 0.298581 0.3161892   0 0 0
parfib                              30                   qthreads  12   0.2914748 0.3164639 0.3250184   0 0 0
parfib                              30                   qthreads  14   0.3038245 0.3220846 0.3324398   0 0 0
parfib                              30                   qthreads  16   0.2295414 0.2872016 0.3476779   0 0 0
parfib                              35                   qthreads  2    3.9761335 4.0616455 4.3990145   0 0 0
parfib                              35                   qthreads  4    4.762694 4.9134433 5.1122996   0 0 0
parfib                              35                   qthreads  8    2.6454087 2.6690001 2.7338786   0 0 0
parfib                              35                   qthreads  10   2.9846329 3.0488839 3.1529334   0 0 0
parfib                              35                   qthreads  12   3.128352 3.3045514 3.3133306   0 0 0
parfib                              35                   qthreads  14   3.2190095 3.2967604 3.4636404   0 0 0
parfib                              35                   qthreads  16   2.3295391 2.3405826 2.3501176   0 0 0
parfib                              37                   qthreads  2    9.8186835 9.9212908 10.2661209   0 0 0
parfib                              37                   qthreads  4    12.1565496 12.2204078 12.3023992   0 0 0
parfib                              37                   qthreads  8    6.9348179 6.9897979 7.0491784   0 0 0
parfib                              37                   qthreads  10   7.7046147 7.8881956 8.0504619   0 0 0
parfib                              37                   qthreads  12   8.2882904 8.5069238 9.3517706   0 0 0
parfib                              37                   qthreads  14   8.3523988 8.6679519 8.8476354   0 0 0
parfib                              37                   qthreads  16   6.1393225 6.4153477 6.6147512   0 0 0
parfib                              30                   tbb      2    0.1779737 0.1841953 0.2139381   0 0 0
parfib                              30                   tbb      4    0.0873369 0.1102238 0.1375294   0 0 0
parfib                              30                   tbb      8    0.0483466 0.0552869 0.1397171   0 0 0
parfib                              30                   tbb      10   0.0713747 0.0947347 0.1739319   0 0 0
parfib                              30                   tbb      12   0.0865284 0.153061 0.2031167   0 0 0
parfib                              30                   tbb      14   0.1431934 0.192818 0.2253241   0 0 0
parfib                              30                   tbb      16   0.1193301 0.1947229 0.2671653   0 0 0
parfib                              35                   tbb      2    1.8611879 1.9166093 1.9981119   0 0 0
parfib                              35                   tbb      4    0.9578493 1.0079618 1.1173237   0 0 0
parfib                              35                   tbb      8    0.5194552 0.5275772 0.5832512   0 0 0
parfib                              35                   tbb      10   0.4639205 0.4887287 0.5662742   0 0 0
parfib                              35                   tbb      12   0.3928662 0.4225466 0.5523837   0 0 0
parfib                              35                   tbb      14   0.3933889 0.4842629 0.551853   0 0 0
parfib                              35                   tbb      16   0.3889221 0.4557588 0.5254345   0 0 0
parfib                              37                   tbb      2    5.0393125 5.1689737 5.4884729   0 0 0
parfib                              37                   tbb      4    2.4819026 2.9065786 3.1081238   0 0 0
parfib                              37                   tbb      8    1.2747262 1.4171637 1.4750204   0 0 0
parfib                              37                   tbb      10   1.1997941 1.2262373 1.3477392   0 0 0
parfib                              37                   tbb      12   1.0828352 1.1421157 1.1594595   0 0 0
parfib                              37                   tbb      14   0.9510358 0.9902923 1.0330874   0 0 0
parfib                              37                   tbb      16   0.8278071 0.9030209 1.0319174   0 0 0
seqspawn                            2000000              cilk     2    0.1140383 0.1351367 0.1500906   0 0 0
seqspawn                            2000000              cilk     4    0.0882082 0.128576 0.136726   0 0 0
seqspawn                            2000000              cilk     8    0.0870586 0.0931558 0.0984   0 0 0
seqspawn                            2000000              cilk     10   0.0828442 0.0887707 0.0962342   0 0 0
seqspawn                            2000000              cilk     12   0.083672 0.0852433 0.0894351   0 0 0
seqspawn                            2000000              cilk     14   0.0862728 0.0927041 0.0977105   0 0 0
seqspawn                            2000000              cilk     16   0.0825126 0.0932489 0.0970167   0 0 0
seqspawn                            5000000              cilk     2    0.199183 0.2638372 0.2925887   0 0 0
seqspawn                            5000000              cilk     4    0.212391 0.2286234 0.2640309   0 0 0
seqspawn                            5000000              cilk     8    0.2099971 0.2233175 0.2274925   0 0 0
seqspawn                            5000000              cilk     10   0.1551139 0.2269706 0.239757   0 0 0
seqspawn                            5000000              cilk     12   0.216805 0.2187674 0.2245149   0 0 0
seqspawn                            5000000              cilk     14   0.2247221 0.2356924 0.2391222   0 0 0
seqspawn                            5000000              cilk     16   0.1835745 0.2221299 0.2328965   0 0 0
seqspawn                            10000000             cilk     2    0.3907299 0.485839 0.512797   0 0 0
seqspawn                            10000000             cilk     4    0.3926315 0.4175057 0.4357276   0 0 0
seqspawn                            10000000             cilk     8    0.4163165 0.4481959 0.4540595   0 0 0
seqspawn                            10000000             cilk     10   0.4460533 0.4549142 0.4600736   0 0 0
seqspawn                            10000000             cilk     12   0.4279482 0.4361638 0.4573748   0 0 0
seqspawn                            10000000             cilk     14   0.4386802 0.4719883 0.4872604   0 0 0
seqspawn                            10000000             cilk     16   0.4308051 0.4742999 0.4821561   0 0 0
seqspawn                            2000000              hpx      2    0.9539414 0.992897 0.9962845   0 0 0
seqspawn                            2000000              hpx      4    0.746928 0.7784594 1.1452192   0 0 0
seqspawn                            2000000              hpx      8    0.6984497 1.0613243 1.1937969   0 0 0
seqspawn                            2000000              hpx      10   0.8013265 1.0704341 1.2646771   0 0 0
seqspawn                            2000000              hpx      12   1.074781 1.1567764 1.3339684   0 0 0
seqspawn                            2000000              hpx      14   1.126885 1.2629988 1.382416   0 0 0
seqspawn                            2000000              hpx      16   1.0913544 1.1134309 1.3274355   0 0 0
seqspawn                            5000000              hpx      2    1.7523484 2.2829773 2.3525794   0 0 0
seqspawn                            5000000              hpx      4    1.747494 2.002577 2.7126446   0 0 0
seqspawn                            5000000              hpx      8    1.974379 2.4380451 2.7229315   0 0 0
seqspawn                            5000000              hpx      10   2.7967171 2.856373 3.2129898   0 0 0
seqspawn                            5000000              hpx      12   2.7217156 2.9897357 3.129473   0 0 0
seqspawn                            5000000              hpx      14   2.9467801 3.051294 3.4348305   0 0 0
seqspawn                            5000000              hpx      16   3.0171007 3.1201295 3.3285909   0 0 0
seqspawn                            10000000             hpx      2    4.798479 5.0385805 5.8030996   0 0 0
seqspawn                            10000000             hpx      4    3.9264632 4.8527189 5.4606618   0 0 0
seqspawn                            10000000             hpx      8    4.0902509 4.5804253 5.0292322   0 0 0
seqspawn                            10000000             hpx      10   4.8624795 5.0120343 5.346087   0 0 0
seqspawn                            10000000             hpx      12   5.16432 5.8713469 6.2503164   0 0 0
seqspawn                            10000000             hpx      14   5.2981905 5.535996 5.683751   0 0 0
seqspawn                            10000000             hpx      16   5.1013849 5.3372526 5.6109335   0 0 0
seqspawn                            2000000              omp      2    0.3885349 0.4129114 1.2157531   0 0 0
seqspawn                            2000000              omp      4    0.9218634 1.5194786 2.025678   0 0 0
seqspawn                            2000000              omp      8    3.7931005 3.8497169 4.5182082   0 0 0
seqspawn                            2000000              omp      10   4.2211565 4.4987711 5.4064248   0 0 0
seqspawn                            2000000              omp      12   5.347262 5.8716061 7.4126164   0 0 0
seqspawn                            2000000              omp      14   5.6167164 6.3962783 9.3677031   0 0 0
seqspawn                            2000000              omp      16   9.164092 9.4724507 10.9528257   0 0 0
seqspawn                            5000000              omp      2    3.1764661 3.7515709 4.3809249   0 0 0
seqspawn                            5000000              omp      4    6.9395208 7.3018964 7.4978458   0 0 0
seqspawn                            5000000              omp      8    9.1378918 9.7171917 10.0463726   0 0 0
seqspawn                            5000000              omp      10   11.051526 12.8804866 13.3365871   0 0 0
seqspawn                            5000000              omp      12   12.2872499 13.163269 18.987074   0 0 0
seqspawn                            5000000              omp      14   16.0857388 17.1790311 19.9370181   0 0 0
seqspawn                            5000000              omp      16   19.4783638 22.6742228 29.5180294   0 0 0
seqspawn                            10000000             omp      2    6.7903997 7.1680507 7.6289762   0 0 0
seqspawn                            10000000             omp      4    13.6877528 14.1458222 14.4831937   0 0 0
seqspawn                            10000000             omp      8    18.8827407 19.6919194 20.1359111   0 0 0
seqspawn                            10000000             omp      10   18.6824132 25.3077149 26.7721284   0 0 0
seqspawn                            10000000             omp      12   24.9271108 28.0512607 29.0487998   0 0 0
seqspawn                            10000000             omp      14   31.1854764 43.2727646 47.4425044   0 0 0
seqspawn                            10000000             omp      16   38.5063945 47.7758155 49.0660382   0 0 0
seqspawn                            2000000              qthreads  2    0.7917997 0.8718529 0.8918467   0 0 0
seqspawn                            2000000              qthreads  4    0.3211795 0.3254389 0.3286476   0 0 0
seqspawn                            2000000              qthreads  8    0.3298133 0.3331434 0.3347358   0 0 0
seqspawn                            2000000              qthreads  10   0.4264642 0.4435755 0.4445937   0 0 0
seqspawn                            2000000              qthreads  12   0.4295181 0.4357793 0.4407488   0 0 0
seqspawn                            2000000              qthreads  14   0.4324533 0.4362668 0.4381472   0 0 0
seqspawn                            2000000              qthreads  16   0.4344772 0.4395776 0.4451358   0 0 0
seqspawn                            5000000              qthreads  2    1.4525471 1.6013478 1.7702571   0 0 0
seqspawn                            5000000              qthreads  4    0.8051321 0.810275 0.8683527   0 0 0
seqspawn                            5000000              qthreads  8    0.8191144 0.8254077 0.8371949   0 0 0
seqspawn                            5000000              qthreads  10   1.0441338 1.0557595 1.0694293   0 0 0
seqspawn                            5000000              qthreads  12   1.057799 1.0790822 1.0952015   0 0 0
seqspawn                            5000000              qthreads  14   1.0783223 1.0797689 1.0994624   0 0 0
seqspawn                            5000000              qthreads  16   1.0836977 1.1009404 1.1096902   0 0 0
seqspawn                            10000000             qthreads  2    3.5596021 4.0702742 4.1996622   0 0 0
seqspawn                            10000000             qthreads  4    1.6318255 1.6599655 1.7173018   0 0 0
seqspawn                            10000000             qthreads  8    1.6815535 1.696982 1.7039393   0 0 0
seqspawn                            10000000             qthreads  10   1.881337 2.417153 2.4794506   0 0 0
seqspawn                            10000000             qthreads  12   2.1582545 2.6325072 2.8088875   0 0 0
seqspawn                            10000000             qthreads  14   2.735705 2.8180551 2.8313523   0 0 0
seqspawn                            10000000             qthreads  16   2.2876001 2.8139235 2.8441869   0 0 0
seqspawn                            2000000              tbb      2    1.0626178 1.1434809 1.4812351   0 0 0
seqspawn                            2000000              tbb      4    0.7748783 0.8147181 0.8562374   0 0 0
seqspawn                            2000000              tbb      8    0.8376658 0.866911 0.8953872   0 0 0
seqspawn                            2000000              tbb      10   1.001071 1.0418112 1.079913   0 0 0
seqspawn                            2000000              tbb      12   1.2389937 1.2774403 1.3581213   0 0 0
seqspawn                            2000000              tbb      14   1.0668231 1.1478177 1.3164995   0 0 0
seqspawn                            2000000              tbb      16   1.1812083 1.2708732 1.3716711   0 0 0
seqspawn                            5000000              tbb      2    2.5388257 2.6802717 2.8496644   0 0 0
seqspawn                            5000000              tbb      4    1.9036171 1.9980464 2.0345713   0 0 0
seqspawn                            5000000              tbb      8    2.0819915 2.1030643 2.168237   0 0 0
seqspawn                            5000000              tbb      10   2.4404315 2.6345351 2.6595643   0 0 0
seqspawn                            5000000              tbb      12   3.2115289 3.2746392 3.3965169   0 0 0
seqspawn                            5000000              tbb      14   2.6348253 2.7442445 3.106292   0 0 0
seqspawn                            5000000              tbb      16   2.9511415 3.308139 3.3394795   0 0 0
seqspawn                            10000000             tbb      2    4.9613814 5.2906977 5.49994   0 0 0
seqspawn                            10000000             tbb      4    4.0901285 4.1840846 4.2547452   0 0 0
seqspawn                            10000000             tbb      8    4.4554731 4.5119449 4.5555598   0 0 0
seqspawn                            10000000             tbb      10   5.0550664 5.1377099 5.616732   0 0 0
seqspawn                            10000000             tbb      12   6.1860656 6.5150335 6.8611441   0 0 0
seqspawn                            10000000             tbb      14   5.7286011 6.0627008 6.1512254   0 0 0
seqspawn                            10000000             tbb      16   5.7834895 6.3967623 6.9840763   0 0 0
parspawn                            2000000              cilk     2    0.0478452 0.0559578 0.0570197   0 0 0
parspawn                            2000000              cilk     4    0.0236345 0.0262291 0.0325983   0 0 0
parspawn                            2000000              cilk     8    0.0097082 0.0108532 0.0135884   0 0 0
parspawn                            2000000              cilk     10   0.0063674 0.0069156 0.0083731   0 0 0
parspawn                            2000000              cilk     12   0.0056709 0.0060692 0.0066132   0 0 0
parspawn                            2000000              cilk     14   0.0051797 0.0054831 0.0055922   0 0 0
parspawn                            2000000              cilk     16   0.0054265 0.0064275 0.009845   0 0 0
parspawn                            5000000              cilk     2    0.0958064 0.1048701 0.1371271   0 0 0
parspawn                            5000000              cilk     4    0.0410537 0.0585617 0.0716625   0 0 0
parspawn                            5000000              cilk     8    0.0176146 0.0178613 0.0224514   0 0 0
parspawn                            5000000              cilk     10   0.0145366 0.0147317 0.0150747   0 0 0
parspawn                            5000000              cilk     12   0.0125772 0.0131162 0.0135198   0 0 0
parspawn                            5000000              cilk     14   0.0110779 0.0135115 0.0185782   0 0 0
parspawn                            5000000              cilk     16   0.0109388 0.0126691 0.015707   0 0 0
parspawn                            10000000             cilk     2    0.1212656 0.1578635 0.163843   0 0 0
parspawn                            10000000             cilk     4    0.0747181 0.1108078 0.1192128   0 0 0
parspawn                            10000000             cilk     8    0.0328617 0.0358669 0.045162   0 0 0
parspawn                            10000000             cilk     10   0.0269553 0.0273223 0.0285986   0 0 0
parspawn                            10000000             cilk     12   0.0233512 0.023692 0.0263046   0 0 0
parspawn                            10000000             cilk     14   0.0208745 0.0221234 0.0275388   0 0 0
parspawn                            10000000             cilk     16   0.0191308 0.0196166 0.0204692   0 0 0
parspawn                            2000000              hpx      2    0.5772353 0.6013912 0.6133118   0 0 0
parspawn                            2000000              hpx      4    0.3150954 0.3341903 0.3598933   0 0 0
parspawn                            2000000              hpx      8    0.2444356 0.2760786 0.2810126   0 0 0
parspawn                            2000000              hpx      10   0.2759884 0.2821073 0.2840349   0 0 0
parspawn                            2000000              hpx      12   0.2714919 0.2766672 0.2793348   0 0 0
parspawn                            2000000              hpx      14   0.275245 0.2781124 0.2798873   0 0 0
parspawn                            2000000              hpx      16   0.2728524 0.2748179 0.2761771   0 0 0
parspawn                            5000000              hpx      2    1.3285139 1.3747108 1.3832601   0 0 0
parspawn                            5000000              hpx      4    0.713156 0.7182111 0.7314724   0 0 0
parspawn                            5000000              hpx      8    0.6866949 0.700293 0.7086417   0 0 0
parspawn                            5000000              hpx      10   0.6971918 0.7108381 0.7126191   0 0 0
parspawn                            5000000              hpx      12   0.6884059 0.6935506 0.7029458   0 0 0
parspawn                            5000000              hpx      14   0.6801912 0.684779 0.6866988   0 0 0
parspawn                            5000000              hpx      16   0.6805348 0.6881804 0.6910379   0 0 0
parspawn                            10000000             hpx      2    2.7653445 2.7708467 2.7955101   0 0 0
parspawn                            10000000             hpx      4    1.4991653 1.5211474 1.5318431   0 0 0
parspawn                            10000000             hpx      8    1.3777571 1.4059057 1.4204527   0 0 0
parspawn                            10000000             hpx      10   1.402545 1.4236218 1.4313592   0 0 0
parspawn                            10000000             hpx      12   1.3564154 1.3782569 1.3938695   0 0 0
parspawn                            10000000             hpx      14   1.3729909 1.3825479 1.3896318   0 0 0
parspawn                            10000000             hpx      16   1.3613558 1.3704409 1.3792282   0 0 0
parspawn                            2000000              omp      2    0.0827309 0.0877693 0.0916936   0 0 0
parspawn                            2000000              omp      4    0.0853385 0.0862494 0.1156002   0 0 0
parspawn                            2000000              omp      8    0.0855452 0.087074 0.1214254   0 0 0
parspawn                            2000000              omp      10   0.0876784 0.0903215 0.093361   0 0 0
parspawn                            2000000              omp      12   0.0870736 0.0930872 0.1119247   0 0 0
parspawn                            2000000              omp      14   0.0899159 0.0913133 0.1226635   0 0 0
parspawn                            2000000              omp      16   0.089432 0.0905527 0.0913891   0 0 0
parspawn                            5000000              omp      2    0.2070438 0.2077557 0.2144648   0 0 0
parspawn                            5000000              omp      4    0.210924 0.2116619 0.212597   0 0 0
parspawn                            5000000              omp      8    0.2123027 0.2145438 0.2164191   0 0 0
parspawn                            5000000              omp      10   0.2113054 0.2143362 0.2176595   0 0 0
parspawn                            5000000              omp      12   0.2188646 0.2276944 0.299743   0 0 0
parspawn                            5000000              omp      14   0.2223121 0.2240412 0.3099801   0 0 0
parspawn                            5000000              omp      16   0.2234868 0.2281312 0.2314648   0 0 0
parspawn                            10000000             omp      2    0.4132038 0.4156347 0.5690464   0 0 0
parspawn                            10000000             omp      4    0.4160665 0.4207801 0.5561323   0 0 0
parspawn                            10000000             omp      8    0.4295935 0.4332171 0.5847625   0 0 0
parspawn                            10000000             omp      10   0.4398566 0.4426692 0.4750241   0 0 0
parspawn                            10000000             omp      12   0.4322917 0.4489537 0.4590997   0 0 0
parspawn                            10000000             omp      14   0.4392865 0.4505099 0.5893475   0 0 0
parspawn                            10000000             omp      16   0.4516108 0.5611079 0.6066462   0 0 0
parspawn                            2000000              qthreads  2    0.938718 0.9966091 1.0686823   0 0 0
parspawn                            2000000              qthreads  4    0.1760706 0.1784873 0.2148521   0 0 0
parspawn                            2000000              qthreads  8    0.1001321 0.1044205 0.1077359   0 0 0
parspawn                            2000000              qthreads  10   0.1003901 0.1660825 0.1936018   0 0 0
parspawn                            2000000              qthreads  12   0.0803217 0.1014681 0.1277202   0 0 0
parspawn                            2000000              qthreads  14   0.0711925 0.0803429 0.1176364   0 0 0
parspawn                            2000000              qthreads  16   0.0598707 0.0643526 0.0774281   0 0 0
parspawn                            5000000              qthreads  2    2.1551617 2.4175446 2.5018244   0 0 0
parspawn                            5000000              qthreads  4    0.4397584 0.4490748 0.4572889   0 0 0
parspawn                            5000000              qthreads  8    0.2573564 0.2608836 0.2614327   0 0 0
parspawn                            5000000              qthreads  10   0.2098357 0.2741862 0.2802734   0 0 0
parspawn                            5000000              qthreads  12   0.1986172 0.2513799 0.2537143   0 0 0
parspawn                            5000000              qthreads  14   0.1655928 0.2119703 0.2183649   0 0 0
parspawn                            5000000              qthreads  16   0.1616441 0.1677532 0.2058789   0 0 0
parspawn                            10000000             qthreads  2    4.2741343 4.3578304 4.8495276   0 0 0
parspawn                            10000000             qthreads  4    0.8854433 0.8990205 0.9071479   0 0 0
parspawn                            10000000             qthreads  8    0.5116897 0.5182252 0.5228415   0 0 0
parspawn                            10000000             qthreads  10   0.4920363 0.5956224 0.6145832   0 0 0
parspawn                            10000000             qthreads  12   0.4407126 0.5015533 0.5295768   0 0 0
parspawn                            10000000             qthreads  14   0.4245308 0.4294481 0.4393294   0 0 0
parspawn                            10000000             qthreads  16   0.3403118 0.3472045 0.3707892   0 0 0
parspawn                            2000000              tbb      2    0.3816701 0.4107468 0.4264962   0 0 0
parspawn                            2000000              tbb      4    0.3596823 0.3879637 0.4405455   0 0 0
parspawn                            2000000              tbb      8    0.3462325 0.3509046 0.3610262   0 0 0
parspawn                            2000000              tbb      10   0.3523878 0.3657318 0.3797942   0 0 0
parspawn                            2000000              tbb      12   0.3529 0.3576602 0.3642457   0 0 0
parspawn                            2000000              tbb      14   0.3562199 0.3667963 0.377839   0 0 0
parspawn                            2000000              tbb      16   0.357677 0.361693 0.3696758   0 0 0
parspawn                            5000000              tbb      2    0.9229337 1.0001907 1.0155946   0 0 0
parspawn                            5000000              tbb      4    0.9252255 0.9440453 1.0072037   0 0 0
parspawn                            5000000              tbb      8    0.883743 0.9002025 0.9135489   0 0 0
parspawn                            5000000              tbb      10   0.8868349 0.9196412 0.9220285   0 0 0
parspawn                            5000000              tbb      12   0.8881833 0.8939763 0.9288291   0 0 0
parspawn                            5000000              tbb      14   0.8765383 0.9053627 0.9283389   0 0 0
parspawn                            5000000              tbb      16   0.8988063 0.9048237 0.9192156   0 0 0
parspawn                            10000000             tbb      2    1.989856 1.9995759 2.0364886   0 0 0
parspawn                            10000000             tbb      4    1.840846 1.8551331 1.9377607   0 0 0
parspawn                            10000000             tbb      8    1.8172911 1.8249504 1.8549495   0 0 0
parspawn                            10000000             tbb      10   1.7981436 1.8020866 1.8703338   0 0 0
parspawn                            10000000             tbb      12   1.7715504 1.7952158 1.846265   0 0 0
parspawn                            10000000             tbb      14   1.7686957 1.8261248 1.8382833   0 0 0
parspawn                            10000000             tbb      16   1.7419206 1.8270771 1.8455039   0 0 0
