# TestName Variant NumThreads   MinTime MedianTime MaxTime  Productivity1 Productivity2 Productivity3
#    
# Mon May  4 15:48:24 EDT 2015
# Linux cutter16 3.2.0-59-generic #90-Ubuntu SMP Tue Jan 7 22:43:51 UTC 2014 x86_64 x86_64 x86_64 GNU/Linux
# Ran by: adkulkar 
# Determined machine to have 1 hardware threads.
# 
# Running each test for 5 trial(s).
# Git_Branch: 
# Git_Hash: 
# Git_Depth: 0
#  Path registry: fromList []
parfib                              30                   cilk     2    0.0430624 0.0431889 0.0437337   0 0 0
parfib                              30                   cilk     4    0.0223967 0.0225568 0.0231596   0 0 0
parfib                              30                   cilk     8    0.0128509 0.0133598 0.0138032   0 0 0
parfib                              30                   cilk     10   0.0104601 0.011579 0.0123067   0 0 0
parfib                              30                   cilk     12   0.0095898 0.0099967 0.0110344   0 0 0
parfib                              30                   cilk     14   0.0090415 0.0095378 0.0101493   0 0 0
parfib                              30                   cilk     16   0.0080862 0.0087159 0.0102239   0 0 0
parfib                              35                   cilk     2    0.4733667 0.4740106 0.4773178   0 0 0
parfib                              35                   cilk     4    0.2411241 0.241274 0.2449139   0 0 0
parfib                              35                   cilk     8    0.1253978 0.1265386 0.1276354   0 0 0
parfib                              35                   cilk     10   0.1020157 0.1024833 0.103714   0 0 0
parfib                              35                   cilk     12   0.0866603 0.0880442 0.0883516   0 0 0
parfib                              35                   cilk     14   0.076077 0.0771917 0.0773362   0 0 0
parfib                              35                   cilk     16   0.0685524 0.0691986 0.0851375   0 0 0
parfib                              37                   cilk     2    1.2356173 1.2369438 1.2530142   0 0 0
parfib                              37                   cilk     4    0.6276258 0.6283376 0.6333952   0 0 0
parfib                              37                   cilk     8    0.3250577 0.3251654 0.3259039   0 0 0
parfib                              37                   cilk     10   0.2647565 0.2651548 0.2658852   0 0 0
parfib                              37                   cilk     12   0.2252619 0.2253286 0.2262626   0 0 0
parfib                              37                   cilk     14   0.1950166 0.1961239 0.1974866   0 0 0
parfib                              37                   cilk     16   0.1735378 0.1746651 0.1847384   0 0 0
parfib                              30                   hpx      2    1.435892 1.4377305 1.4398026   0 0 0
parfib                              30                   hpx      4    0.7303433 0.7318817 0.7327856   0 0 0
parfib                              30                   hpx      8    0.3790638 0.3797002 0.3828522   0 0 0
parfib                              30                   hpx      10   0.3083048 0.311191 0.3121109   0 0 0
parfib                              30                   hpx      12   0.2622104 0.2624721 0.2643525   0 0 0
parfib                              30                   hpx      14   0.2281023 0.2340098 0.2380933   0 0 0
parfib                              30                   hpx      16   0.2050658 0.2071105 0.2190818   0 0 0
parfib                              35                   hpx      2    15.8331985 15.8426525 15.9080278   0 0 0
parfib                              35                   hpx      4    8.0193216 8.0454754 8.063442   0 0 0
parfib                              35                   hpx      8    4.1525286 4.1633143 4.1748504   0 0 0
parfib                              35                   hpx      10   3.3839297 3.3964962 3.4074521   0 0 0
parfib                              35                   hpx      12   2.8756425 2.8816036 2.9038181   0 0 0
parfib                              35                   hpx      14   2.4999717 2.5071481 2.534105   0 0 0
parfib                              35                   hpx      16   2.1863048 2.1911706 2.199513   0 0 0
parfib                              37                   hpx      2    41.3309314 41.3954991 41.4914008   0 0 0
parfib                              37                   hpx      4    21.0244628 21.0481253 21.1030708   0 0 0
parfib                              37                   hpx      8    10.8750025 10.8895998 10.9219802   0 0 0
parfib                              37                   hpx      10   8.8387404 8.8819844 8.8950764   0 0 0
parfib                              37                   hpx      12   7.5019374 7.5152554 7.5340982   0 0 0
parfib                              37                   hpx      14   6.5194318 6.5458778 6.5520581   0 0 0
parfib                              37                   hpx      16   5.7231735 5.732357 5.7423012   0 0 0
parfib                              30                   omp      2    0.2078862 0.2100117 0.2112533   0 0 0
parfib                              30                   omp      4    0.1626921 0.169762 0.1851658   0 0 0
parfib                              30                   omp      8    0.1106992 0.118401 0.1355073   0 0 0
parfib                              30                   omp      10   0.0976643 0.1026606 0.1047009   0 0 0
parfib                              30                   omp      12   0.0841456 0.0878125 0.094266   0 0 0
parfib                              30                   omp      14   0.0722833 0.0782175 0.0805734   0 0 0
parfib                              30                   omp      16   0.0685646 0.0694152 0.0748962   0 0 0
parfib                              35                   omp      2    3.6445831 3.6473212 3.6574683   0 0 0
parfib                              35                   omp      4    2.3372316 2.3856885 2.760405   0 0 0
parfib                              35                   omp      8    1.4763726 1.8570892 2.0078629   0 0 0
parfib                              35                   omp      10   1.3682459 1.4427027 1.4790406   0 0 0
parfib                              35                   omp      12   1.148213 1.1887739 1.2451256   0 0 0
parfib                              35                   omp      14   1.1063374 1.1569313 1.2083136   0 0 0
parfib                              35                   omp      16   0.8969219 0.9785124 1.1303279   0 0 0
parfib                              37                   omp      2    9.5668668 9.580442 9.6049854   0 0 0
parfib                              37                   omp      4    6.4809038 6.5773036 7.1536692   0 0 0
parfib                              37                   omp      8    4.0949919 4.4252658 5.0610568   0 0 0
parfib                              37                   omp      10   3.5881205 3.722591 4.1566074   0 0 0
parfib                              37                   omp      12   2.9795375 3.2629227 3.4954977   0 0 0
parfib                              37                   omp      14   2.559605 2.9180404 3.2329746   0 0 0
parfib                              37                   omp      16   2.4673989 2.5346827 2.7650425   0 0 0
parfib                              30                   qthreads  2    0.3513625 0.3621482 0.3647487   0 0 0
parfib                              30                   qthreads  4    0.3152423 0.3190832 0.3431499   0 0 0
parfib                              30                   qthreads  8    0.419163 0.4226241 0.4249286   0 0 0
parfib                              30                   qthreads  10   0.5530398 0.5631598 0.6357786   0 0 0
parfib                              30                   qthreads  12   0.5243497 0.5380554 0.588269   0 0 0
parfib                              30                   qthreads  14   0.5965105 0.6198965 0.6345216   0 0 0
parfib                              30                   qthreads  16   0.3058956 0.3241055 0.3527553   0 0 0
parfib                              35                   qthreads  2    3.802524 3.8055457 3.883785   0 0 0
parfib                              35                   qthreads  4    3.4569817 3.4800672 3.504377   0 0 0
parfib                              35                   qthreads  8    4.5214731 4.5434219 4.6023279   0 0 0
parfib                              35                   qthreads  10   6.2406682 6.4320909 6.788014   0 0 0
parfib                              35                   qthreads  12   5.9557929 6.0377247 6.1730813   0 0 0
parfib                              35                   qthreads  14   6.5875 6.6575006 6.831355   0 0 0
parfib                              35                   qthreads  16   3.430431 3.5913209 4.0014503   0 0 0
parfib                              37                   qthreads  2    9.9840513 10.0202922 10.2533932   0 0 0
parfib                              37                   qthreads  4    9.0449922 9.1082372 9.5493894   0 0 0
parfib                              37                   qthreads  8    11.853255 11.9660359 13.3212553   0 0 0
parfib                              37                   qthreads  10   16.4315498 16.5409806 17.017404   0 0 0
parfib                              37                   qthreads  12   15.1305392 15.3199815 15.7607154   0 0 0
parfib                              37                   qthreads  14   17.3542333 17.6205292 17.8619606   0 0 0
parfib                              37                   qthreads  16   8.7910636 9.1753335 10.2077239   0 0 0
parfib                              30                   tbb      2    0.1673732 0.167951 0.1689357   0 0 0
parfib                              30                   tbb      4    0.0853846 0.0863025 0.091685   0 0 0
parfib                              30                   tbb      8    0.046457 0.0474221 0.047889   0 0 0
parfib                              30                   tbb      10   0.0394013 0.0414177 0.0434361   0 0 0
parfib                              30                   tbb      12   0.0337666 0.0349763 0.0356287   0 0 0
parfib                              30                   tbb      14   0.0325541 0.0328992 0.034207   0 0 0
parfib                              30                   tbb      16   0.0288789 0.0298011 0.0327465   0 0 0
parfib                              35                   tbb      2    1.8281022 1.8292031 1.8329333   0 0 0
parfib                              35                   tbb      4    1.0289872 1.032649 1.0666837   0 0 0
parfib                              35                   tbb      8    0.4950903 0.5016972 0.5318228   0 0 0
parfib                              35                   tbb      10   0.4246073 0.4541126 0.4858094   0 0 0
parfib                              35                   tbb      12   0.361607 0.3706575 0.3838538   0 0 0
parfib                              35                   tbb      14   0.3142176 0.3417163 0.3554434   0 0 0
parfib                              35                   tbb      16   0.2749849 0.2855563 0.2963286   0 0 0
parfib                              37                   tbb      2    4.7913019 4.7977755 4.8008005   0 0 0
parfib                              37                   tbb      4    2.7519326 2.8011516 2.8036003   0 0 0
parfib                              37                   tbb      8    1.3033411 1.3521752 1.4084969   0 0 0
parfib                              37                   tbb      10   1.1094907 1.1888521 1.2398099   0 0 0
parfib                              37                   tbb      12   0.9206274 0.9801126 1.0856856   0 0 0
parfib                              37                   tbb      14   0.8609392 0.8812674 0.9133267   0 0 0
parfib                              37                   tbb      16   0.7121766 0.7450589 0.7782956   0 0 0
seqspawn                            2000000              cilk     2    0.0662549 0.0674489 0.0680953   0 0 0
seqspawn                            2000000              cilk     4    0.0665029 0.0715307 0.0720149   0 0 0
seqspawn                            2000000              cilk     8    0.0768588 0.0795544 0.0825605   0 0 0
seqspawn                            2000000              cilk     10   0.0792922 0.0813472 0.0822442   0 0 0
seqspawn                            2000000              cilk     12   0.0797507 0.0803802 0.0824367   0 0 0
seqspawn                            2000000              cilk     14   0.0839015 0.0857199 0.0868566   0 0 0
seqspawn                            2000000              cilk     16   0.0803011 0.0819499 0.085288   0 0 0
seqspawn                            5000000              cilk     2    0.1341799 0.1690444 0.1700719   0 0 0
seqspawn                            5000000              cilk     4    0.1706731 0.1777053 0.1787335   0 0 0
seqspawn                            5000000              cilk     8    0.1960537 0.1990485 0.2034884   0 0 0
seqspawn                            5000000              cilk     10   0.1972375 0.2000439 0.2020317   0 0 0
seqspawn                            5000000              cilk     12   0.1993336 0.2021338 0.2042321   0 0 0
seqspawn                            5000000              cilk     14   0.2073101 0.2095613 0.215994   0 0 0
seqspawn                            5000000              cilk     16   0.2053668 0.2081397 0.2085772   0 0 0
seqspawn                            10000000             cilk     2    0.3285777 0.338144 0.3393285   0 0 0
seqspawn                            10000000             cilk     4    0.3490001 0.3530108 0.353351   0 0 0
seqspawn                            10000000             cilk     8    0.3865624 0.3931638 0.3991001   0 0 0
seqspawn                            10000000             cilk     10   0.3940224 0.3975775 0.399453   0 0 0
seqspawn                            10000000             cilk     12   0.3934441 0.4045308 0.4076572   0 0 0
seqspawn                            10000000             cilk     14   0.4161443 0.4171163 0.4236607   0 0 0
seqspawn                            10000000             cilk     16   0.4110016 0.4128152 0.4196856   0 0 0
seqspawn                            2000000              hpx      2    1.2462655 1.2582083 1.2707062   0 0 0
seqspawn                            2000000              hpx      4    1.2076562 1.2094928 1.2129376   0 0 0
seqspawn                            2000000              hpx      8    1.5013249 1.5077268 1.5415148   0 0 0
seqspawn                            2000000              hpx      10   1.7771205 1.7899359 1.8851616   0 0 0
seqspawn                            2000000              hpx      12   1.88069 1.9346577 1.9774913   0 0 0
seqspawn                            2000000              hpx      14   1.8461549 1.9036781 1.9213914   0 0 0
seqspawn                            2000000              hpx      16   1.8420881 1.8548939 1.9008162   0 0 0
seqspawn                            5000000              hpx      2    3.1389416 3.1662529 3.1795185   0 0 0
seqspawn                            5000000              hpx      4    3.0255235 3.0458212 3.0767756   0 0 0
seqspawn                            5000000              hpx      8    3.7513618 3.836682 4.0211276   0 0 0
seqspawn                            5000000              hpx      10   4.2916128 4.6596377 4.9193391   0 0 0
seqspawn                            5000000              hpx      12   4.7804634 4.8057765 5.1413993   0 0 0
seqspawn                            5000000              hpx      14   4.7378737 4.8826891 4.9244238   0 0 0
seqspawn                            5000000              hpx      16   4.7353595 4.7488551 4.8387833   0 0 0
seqspawn                            10000000             hpx      2    6.2934492 6.3511819 6.3806082   0 0 0
seqspawn                            10000000             hpx      4    6.0571416 6.1054292 6.177813   0 0 0
seqspawn                            10000000             hpx      8    7.5993521 7.7232322 7.8603509   0 0 0
seqspawn                            10000000             hpx      10   9.044044 9.3031731 9.3254171   0 0 0
seqspawn                            10000000             hpx      12   9.5154239 9.9055434 10.4493755   0 0 0
seqspawn                            10000000             hpx      14   9.4644725 9.6478202 9.8213117   0 0 0
seqspawn                            10000000             hpx      16   9.4235698 9.569215 9.7448724   0 0 0
seqspawn                            2000000              omp      2    0.8750461 0.9853118 1.0293744   0 0 0
seqspawn                            2000000              omp      4    2.6717349 2.7264133 2.7589601   0 0 0
seqspawn                            2000000              omp      8    3.5985838 3.6706494 3.7631768   0 0 0
seqspawn                            2000000              omp      10   3.6648019 3.7244612 3.9648049   0 0 0
seqspawn                            2000000              omp      12   5.6101963 5.6631334 5.8949424   0 0 0
seqspawn                            2000000              omp      14   6.2235061 7.8002312 11.5044555   0 0 0
seqspawn                            2000000              omp      16   8.1816401 8.6702165 9.9092744   0 0 0
seqspawn                            5000000              omp      2    2.2589981 2.3876388 2.9556496   0 0 0
seqspawn                            5000000              omp      4    6.6256359 6.8877288 6.9382556   0 0 0
seqspawn                            5000000              omp      8    8.9488915 9.0367587 9.1391521   0 0 0
seqspawn                            5000000              omp      10   9.0192728 9.4054121 12.8531758   0 0 0
seqspawn                            5000000              omp      12   12.4860437 14.2910915 14.9005758   0 0 0
seqspawn                            5000000              omp      14   14.7088242 19.5443246 48.8076076   0 0 0
seqspawn                            5000000              omp      16   20.2012232 21.5958091 23.7883167   0 0 0
seqspawn                            10000000             omp      2    1.4793712 5.2735016 5.4563055   0 0 0
seqspawn                            10000000             omp      4    13.0727368 13.8169539 14.035071   0 0 0
seqspawn                            10000000             omp      8    17.0587521 18.3155553 20.4227736   0 0 0
seqspawn                            10000000             omp      10   18.7557297 20.7600139 21.0441110   0 0 0
seqspawn                            10000000             omp      12   25.1345005 26.7853876 26.8419169   0 0 0
seqspawn                            10000000             omp      14   34.6213807 37.0031356 40.4325056   0 0 0
seqspawn                            10000000             omp      16   38.3239539 43.1199799 47.6878418   0 0 0
seqspawn                            2000000              qthreads  2    0.7227357 0.7911399 0.8538383   0 0 0
seqspawn                            2000000              qthreads  4    0.4447467 0.4522739 1.628993   0 0 0
seqspawn                            2000000              qthreads  8    0.422337 0.4258181 0.4282852   0 0 0
seqspawn                            2000000              qthreads  10   0.4233222 0.4323784 0.435109   0 0 0
seqspawn                            2000000              qthreads  12   0.4255577 0.4313073 0.4362861   0 0 0
seqspawn                            2000000              qthreads  14   0.4298262 0.4321737 0.4344555   0 0 0
seqspawn                            2000000              qthreads  16   0.4232893 0.4259213 0.4329505   0 0 0
seqspawn                            5000000              qthreads  2    1.5258459 1.9555806 2.0914468   0 0 0
seqspawn                            5000000              qthreads  4    1.1088056 1.1201459 1.130494   0 0 0
seqspawn                            5000000              qthreads  8    1.0480149 1.0631305 1.0776016   0 0 0
seqspawn                            5000000              qthreads  10   1.0617773 1.0864232 1.0955421   0 0 0
seqspawn                            5000000              qthreads  12   1.0716915 1.0723337 1.0756691   0 0 0
seqspawn                            5000000              qthreads  14   1.0717724 1.0805857 1.085816   0 0 0
seqspawn                            5000000              qthreads  16   1.0663421 1.071907 1.0759812   0 0 0
seqspawn                            10000000             qthreads  2    3.1111464 3.6841634 3.8996941   0 0 0
seqspawn                            10000000             qthreads  4    2.2018903 2.2285945 2.2883223   0 0 0
seqspawn                            10000000             qthreads  8    2.1107288 2.1283338 2.1492496   0 0 0
seqspawn                            10000000             qthreads  10   2.1514668 2.1628692 2.1996624   0 0 0
seqspawn                            10000000             qthreads  12   2.0875212 2.1339927 2.1762267   0 0 0
seqspawn                            10000000             qthreads  14   2.1436168 2.1650388 2.1778897   0 0 0
seqspawn                            10000000             qthreads  16   2.0939546 2.1272817 2.150618   0 0 0
seqspawn                            2000000              tbb      2    0.9787016 1.0602131 1.1672747   0 0 0
seqspawn                            2000000              tbb      4    0.7845026 0.7945917 0.8621343   0 0 0
seqspawn                            2000000              tbb      8    0.8094907 0.8451923 0.8594485   0 0 0
seqspawn                            2000000              tbb      10   0.9838795 0.9985802 1.0334636   0 0 0
seqspawn                            2000000              tbb      12   1.2055921 1.265834 1.2885631   0 0 0
seqspawn                            2000000              tbb      14   0.9990737 1.0734736 1.1798815   0 0 0
seqspawn                            2000000              tbb      16   1.1308048 1.1787751 1.2912669   0 0 0
seqspawn                            5000000              tbb      2    2.6521097 2.6637016 2.729952   0 0 0
seqspawn                            5000000              tbb      4    2.0018828 2.0312583 2.1394064   0 0 0
seqspawn                            5000000              tbb      8    2.132479 2.1664 2.1806003   0 0 0
seqspawn                            5000000              tbb      10   2.4090309 2.4914228 2.5093585   0 0 0
seqspawn                            5000000              tbb      12   3.0914786 3.1915709 3.2474037   0 0 0
seqspawn                            5000000              tbb      14   2.6556715 2.7144487 3.0167273   0 0 0
seqspawn                            5000000              tbb      16   2.8671645 2.9560186 2.977668   0 0 0
seqspawn                            10000000             tbb      2    5.2359083 5.3173568 5.5865749   0 0 0
seqspawn                            10000000             tbb      4    4.0094739 4.0547369 4.1285858   0 0 0
seqspawn                            10000000             tbb      8    4.2894239 4.3296101 4.6124421   0 0 0
seqspawn                            10000000             tbb      10   4.9707597 5.0004965 5.4807257   0 0 0
seqspawn                            10000000             tbb      12   6.2242194 6.3032142 6.4606776   0 0 0
seqspawn                            10000000             tbb      14   5.4095181 5.483688 6.0432121   0 0 0
seqspawn                            10000000             tbb      16   5.8782938 5.9052376 5.9314706   0 0 0
parspawn                            2000000              cilk     2    0.0246066 0.0246454 0.0248145   0 0 0
parspawn                            2000000              cilk     4    0.012978 0.0136181 0.0138988   0 0 0
parspawn                            2000000              cilk     8    0.0077612 0.0082339 0.0087048   0 0 0
parspawn                            2000000              cilk     10   0.0065777 0.0069536 0.0078515   0 0 0
parspawn                            2000000              cilk     12   0.0059886 0.0063409 0.0072127   0 0 0
parspawn                            2000000              cilk     14   0.0055309 0.0056665 0.0075065   0 0 0
parspawn                            2000000              cilk     16   0.0054181 0.0065898 0.011459   0 0 0
parspawn                            5000000              cilk     2    0.0610164 0.0610373 0.0612086   0 0 0
parspawn                            5000000              cilk     4    0.0314135 0.0317549 0.0325328   0 0 0
parspawn                            5000000              cilk     8    0.0168637 0.0175175 0.0180976   0 0 0
parspawn                            5000000              cilk     10   0.0140149 0.0147395 0.0158006   0 0 0
parspawn                            5000000              cilk     12   0.0131397 0.0135298 0.0139416   0 0 0
parspawn                            5000000              cilk     14   0.0111934 0.012392 0.0127505   0 0 0
parspawn                            5000000              cilk     16   0.0116299 0.0135446 0.0187093   0 0 0
parspawn                            10000000             cilk     2    0.1216917 0.1218224 0.1219466   0 0 0
parspawn                            10000000             cilk     4    0.062613 0.062922 0.0636107   0 0 0
parspawn                            10000000             cilk     8    0.0335452 0.0337204 0.0346238   0 0 0
parspawn                            10000000             cilk     10   0.0269863 0.0287955 0.0289528   0 0 0
parspawn                            10000000             cilk     12   0.0238228 0.0240741 0.0251058   0 0 0
parspawn                            10000000             cilk     14   0.0213929 0.021893 0.0221097   0 0 0
parspawn                            10000000             cilk     16   0.0183354 0.0202375 0.0204932   0 0 0
parspawn                            2000000              hpx      2    0.8397058 0.8438071 0.8487898   0 0 0
parspawn                            2000000              hpx      4    0.4406295 0.4443059 0.4447774   0 0 0
parspawn                            2000000              hpx      8    0.2613297 0.2665595 0.2699801   0 0 0
parspawn                            2000000              hpx      10   0.2638367 0.266887 0.2738313   0 0 0
parspawn                            2000000              hpx      12   0.2689373 0.2742242 0.2761575   0 0 0
parspawn                            2000000              hpx      14   0.2713745 0.2756739 0.279067   0 0 0
parspawn                            2000000              hpx      16   0.2576933 0.2744316 0.2770821   0 0 0
parspawn                            5000000              hpx      2    2.1171401 2.1279417 2.1371384   0 0 0
parspawn                            5000000              hpx      4    1.1044262 1.1083862 1.1117857   0 0 0
parspawn                            5000000              hpx      8    0.6552739 0.6672906 0.6697092   0 0 0
parspawn                            5000000              hpx      10   0.6540491 0.6572282 0.6688997   0 0 0
parspawn                            5000000              hpx      12   0.6577473 0.6831956 0.690215   0 0 0
parspawn                            5000000              hpx      14   0.6770626 0.692011 0.6952681   0 0 0
parspawn                            5000000              hpx      16   0.6690472 0.6789764 0.6865634   0 0 0
parspawn                            10000000             hpx      2    4.2256224 4.2692788 4.2750279   0 0 0
parspawn                            10000000             hpx      4    2.211457 2.2207315 2.2342106   0 0 0
parspawn                            10000000             hpx      8    1.3115751 1.3215702 1.3278409   0 0 0
parspawn                            10000000             hpx      10   1.3146174 1.3177964 1.346728   0 0 0
parspawn                            10000000             hpx      12   1.3360759 1.3457219 1.4006816   0 0 0
parspawn                            10000000             hpx      14   1.3596859 1.3750763 1.391683   0 0 0
parspawn                            10000000             hpx      16   1.3404326 1.3650858 1.3737008   0 0 0
parspawn                            2000000              omp      2    0.083741 0.0838523 0.083961   0 0 0
parspawn                            2000000              omp      4    0.0839594 0.0842104 0.0859493   0 0 0
parspawn                            2000000              omp      8    0.086317 0.0863534 0.0885144   0 0 0
parspawn                            2000000              omp      10   0.0888069 0.089254 0.0892884   0 0 0
parspawn                            2000000              omp      12   0.0892064 0.0892621 0.0920808   0 0 0
parspawn                            2000000              omp      14   0.0877314 0.0914739 0.0915405   0 0 0
parspawn                            2000000              omp      16   0.0900737 0.0914568 0.0916341   0 0 0
parspawn                            5000000              omp      2    0.2078568 0.2089027 0.2092972   0 0 0
parspawn                            5000000              omp      4    0.2090694 0.2119952 0.2145742   0 0 0
parspawn                            5000000              omp      8    0.2155581 0.2159845 0.2206469   0 0 0
parspawn                            5000000              omp      10   0.2184752 0.2217354 0.2228803   0 0 0
parspawn                            5000000              omp      12   0.2223221 0.2250649 0.2282618   0 0 0
parspawn                            5000000              omp      14   0.2281961 0.2285853 0.2289167   0 0 0
parspawn                            5000000              omp      16   0.2256265 0.228692 0.2288992   0 0 0
parspawn                            10000000             omp      2    0.4166978 0.4168675 0.4174613   0 0 0
parspawn                            10000000             omp      4    0.4204909 0.4278941 0.4378775   0 0 0
parspawn                            10000000             omp      8    0.4397095 0.4407641 0.44137   0 0 0
parspawn                            10000000             omp      10   0.4336202 0.443507 0.449988   0 0 0
parspawn                            10000000             omp      12   0.446832 0.4522969 0.4537628   0 0 0
parspawn                            10000000             omp      14   0.4467985 0.4492313 0.4517972   0 0 0
parspawn                            10000000             omp      16   0.4529103 0.4534256 0.4568288   0 0 0
parspawn                            2000000              qthreads  2    0.8330814 0.8665281 1.0019566   0 0 0
parspawn                            2000000              qthreads  4    0.7137521 0.7378699 0.7678396   0 0 0
parspawn                            2000000              qthreads  8    0.2407663 0.2496871 0.2665801   0 0 0
parspawn                            2000000              qthreads  10   0.1116763 0.1155556 0.1213682   0 0 0
parspawn                            2000000              qthreads  12   0.0813644 0.0857283 0.0933728   0 0 0
parspawn                            2000000              qthreads  14   0.0759547 0.0892979 0.0946841   0 0 0
parspawn                            2000000              qthreads  16   0.0692059 0.0751509 0.0844501   0 0 0
parspawn                            5000000              qthreads  2    2.1260443 2.1924776 2.4105109   0 0 0
parspawn                            5000000              qthreads  4    1.7946067 1.8459845 1.8626262   0 0 0
parspawn                            5000000              qthreads  8    0.6321047 0.6554344 0.674463   0 0 0
parspawn                            5000000              qthreads  10   0.2936788 0.2986198 0.3026436   0 0 0
parspawn                            5000000              qthreads  12   0.2141601 0.2439782 0.2507141   0 0 0
parspawn                            5000000              qthreads  14   0.1584975 0.2042603 0.2318907   0 0 0
parspawn                            5000000              qthreads  16   0.1535118 0.1992268 0.2130265   0 0 0
parspawn                            10000000             qthreads  2    4.1263139 4.2981577 5.0253393   0 0 0
parspawn                            10000000             qthreads  4    3.5831267 3.6295554 3.6635343   0 0 0
parspawn                            10000000             qthreads  8    1.234322 1.25916 1.2729701   0 0 0
parspawn                            10000000             qthreads  10   0.5358052 0.5601763 0.5993502   0 0 0
parspawn                            10000000             qthreads  12   0.4503189 0.4846748 0.5052386   0 0 0
parspawn                            10000000             qthreads  14   0.3881739 0.4001815 0.4107595   0 0 0
parspawn                            10000000             qthreads  16   0.2915133 0.3577937 0.4270674   0 0 0
parspawn                            2000000              tbb      2    0.1961756 0.370442 0.3843543   0 0 0
parspawn                            2000000              tbb      4    0.3259355 0.3365995 0.3482603   0 0 0
parspawn                            2000000              tbb      8    0.330798 0.3436896 0.3468321   0 0 0
parspawn                            2000000              tbb      10   0.3449803 0.3485384 0.3587309   0 0 0
parspawn                            2000000              tbb      12   0.3427496 0.3474363 0.352888   0 0 0
parspawn                            2000000              tbb      14   0.3462709 0.3486475 0.3559752   0 0 0
parspawn                            2000000              tbb      16   0.3460207 0.3501869 0.353156   0 0 0
parspawn                            5000000              tbb      2    0.9292709 0.9326142 0.9732976   0 0 0
parspawn                            5000000              tbb      4    0.8356213 0.8505025 0.8577281   0 0 0
parspawn                            5000000              tbb      8    0.8498882 0.8576305 0.8662562   0 0 0
parspawn                            5000000              tbb      10   0.858455 0.8693949 0.8865593   0 0 0
parspawn                            5000000              tbb      12   0.8617048 0.8715639 0.8866428   0 0 0
parspawn                            5000000              tbb      14   0.8647834 0.8707734 0.8760478   0 0 0
parspawn                            5000000              tbb      16   0.8665615 0.8786812 0.8908167   0 0 0
parspawn                            10000000             tbb      2    1.857078 1.9112235 1.9151865   0 0 0
parspawn                            10000000             tbb      4    1.6584028 1.7084737 1.744532   0 0 0
parspawn                            10000000             tbb      8    1.6986564 1.7452441 1.7685659   0 0 0
parspawn                            10000000             tbb      10   1.7205281 1.7371769 1.7463007   0 0 0
parspawn                            10000000             tbb      12   1.702511 1.7156421 1.735646   0 0 0
parspawn                            10000000             tbb      14   1.738932 1.7537876 1.7868418   0 0 0
parspawn                            10000000             tbb      16   1.7389382 1.7524083 1.7748369   0 0 0
