# TestName Variant NumThreads   MinTime MedianTime MaxTime  Productivity1 Productivity2 Productivity3
#    
# Sun Sep 28 15:51:03 EDT 2014
# Linux cutter16 3.2.0-59-generic #90-Ubuntu SMP Tue Jan 7 22:43:51 UTC 2014 x86_64 x86_64 x86_64 GNU/Linux
# Ran by: adkulkar 
# Determined machine to have 1 hardware threads.
# 
# Running each test for 5 trial(s).
# Git_Branch: 
# Git_Hash: 
# Git_Depth: 0
#  Path registry: fromList []
fib_cilk                            15                   parfib   1    0.0001487 0.0001775 0.0001895   0 0 0
fib_cilk                            15                   parfib   2    0.0002232 0.0002458 0.000277   0 0 0
fib_cilk                            15                   parfib   4    0.000285 0.0003197 0.0003443   0 0 0
fib_cilk                            15                   parfib   8    0.0004012 0.000454 0.0005279   0 0 0
fib_cilk                            15                   parfib   12   0.0005151 0.0005656 0.0006257   0 0 0
fib_cilk                            15                   parfib   16   0.0006065 0.0006286 0.0006675   0 0 0
fib_cilk                            15                   parfib   32   0.0010061 0.0010777 0.0012568   0 0 0
fib_cilk                            20                   parfib   1    0.0007821 0.0007875 0.0008174   0 0 0
fib_cilk                            20                   parfib   2    0.0006116 0.0006168 0.0006309   0 0 0
fib_cilk                            20                   parfib   4    0.0009783 0.0010053 0.0010603   0 0 0
fib_cilk                            20                   parfib   8    0.0011297 0.0011959 0.0012305   0 0 0
fib_cilk                            20                   parfib   12   0.0012381 0.0012662 0.0013709   0 0 0
fib_cilk                            20                   parfib   16   0.0013739 0.0013998 0.001431   0 0 0
fib_cilk                            20                   parfib   32   0.0016552 0.0018078 0.0019584   0 0 0
fib_cilk                            25                   parfib   1    0.0076934 0.0077032 0.0077308   0 0 0
fib_cilk                            25                   parfib   2    0.0040465 0.0040732 0.0041079   0 0 0
fib_cilk                            25                   parfib   4    0.0025673 0.0025751 0.002786   0 0 0
fib_cilk                            25                   parfib   8    0.0028536 0.0030821 0.0031949   0 0 0
fib_cilk                            25                   parfib   12   0.0027789 0.0035143 0.004269   0 0 0
fib_cilk                            25                   parfib   16   0.003868 0.0044933 0.0050872   0 0 0
fib_cilk                            25                   parfib   32   0.0048356 0.0050507 0.0060965   0 0 0
fib_cilk                            30                   parfib   1    0.0852878 0.0853365 0.0854645   0 0 0
fib_cilk                            30                   parfib   2    0.0419128 0.0419383 0.0420866   0 0 0
fib_cilk                            30                   parfib   4    0.0217587 0.0219766 0.0220471   0 0 0
fib_cilk                            30                   parfib   8    0.014154 0.0144346 0.0161443   0 0 0
fib_cilk                            30                   parfib   12   0.0097515 0.0106657 0.0116136   0 0 0
fib_cilk                            30                   parfib   16   0.0091691 0.0100621 0.0102905   0 0 0
fib_cilk                            30                   parfib   32   0.0101344 0.0103311 0.0119647   0 0 0
fib_cilk                            35                   parfib   1    0.9413893 0.9417767 0.9477046   0 0 0
fib_cilk                            35                   parfib   2    0.4645752 0.4666677 0.4677749   0 0 0
fib_cilk                            35                   parfib   4    0.2356134 0.235737 0.236381   0 0 0
fib_cilk                            35                   parfib   8    0.1234274 0.1247765 0.1254511   0 0 0
fib_cilk                            35                   parfib   12   0.0866008 0.0904566 0.0934296   0 0 0
fib_cilk                            35                   parfib   16   0.0703289 0.0710645 0.0745354   0 0 0
fib_cilk                            35                   parfib   32   0.0564465 0.0606038 0.0664762   0 0 0
fib_cilk                            40                   parfib   1    10.3517479 10.3590083 10.3604755   0 0 0
fib_cilk                            40                   parfib   2    5.208739 5.224654 5.2276114   0 0 0
fib_cilk                            40                   parfib   4    2.6088294 2.6165084 2.6469059   0 0 0
fib_cilk                            40                   parfib   8    1.352998 1.3561909 1.3588655   0 0 0
fib_cilk                            40                   parfib   12   0.9465896 0.9490661 0.9605674   0 0 0
fib_cilk                            40                   parfib   16   0.7174891 0.7214174 0.731669   0 0 0
fib_cilk                            40                   parfib   32   0.563788 0.6079198 0.6330265   0 0 0
fib_hpx                             15                   parfib   1    0.001309 0.0013528 0.0013907   0 0 0
fib_hpx                             15                   parfib   2    0.001029 0.0010303 0.001083   0 0 0
fib_hpx                             15                   parfib   4    0.0005889 0.0006148 0.000634   0 0 0
fib_hpx                             15                   parfib   8    0.00039 0.000423 0.0004434   0 0 0
fib_hpx                             15                   parfib   12   0.0003931 0.000438 0.0004823   0 0 0
fib_hpx                             15                   parfib   16   0.0003484 0.0003906 0.0004202   0 0 0
fib_hpx                             15                   parfib   32   0.0003896 0.0004395 0.0005986   0 0 0
fib_hpx                             20                   parfib   1    0.0142389 0.0146353 0.0147448   0 0 0
fib_hpx                             20                   parfib   2    0.0103035 0.0103925 0.0105809   0 0 0
fib_hpx                             20                   parfib   4    0.0052403 0.0055398 0.005657   0 0 0
fib_hpx                             20                   parfib   8    0.0040638 0.0042561 0.0045311   0 0 0
fib_hpx                             20                   parfib   12   0.0022175 0.002376 0.0025745   0 0 0
fib_hpx                             20                   parfib   16   0.001915 0.0019564 0.0020673   0 0 0
fib_hpx                             20                   parfib   32   0.0015219 0.0015499 0.0016835   0 0 0
fib_hpx                             25                   parfib   1    0.1570413 0.1589899 0.159229   0 0 0
fib_hpx                             25                   parfib   2    0.109095 0.1126633 0.1131419   0 0 0
fib_hpx                             25                   parfib   4    0.0566749 0.0615906 0.0645905   0 0 0
fib_hpx                             25                   parfib   8    0.0306463 0.0314323 0.0324091   0 0 0
fib_hpx                             25                   parfib   12   0.022477 0.0232025 0.0241718   0 0 0
fib_hpx                             25                   parfib   16   0.0175977 0.0178703 0.0188895   0 0 0
fib_hpx                             25                   parfib   32   0.0117715 0.0122411 0.0123841   0 0 0
fib_hpx                             30                   parfib   1    1.7615561 1.7621011 1.7642242   0 0 0
fib_hpx                             30                   parfib   2    0.9647513 1.2417121 1.2658816   0 0 0
fib_hpx                             30                   parfib   4    0.7251586 0.7745894 0.8194758   0 0 0
fib_hpx                             30                   parfib   8    0.337714 0.3405067 0.3511408   0 0 0
fib_hpx                             30                   parfib   12   0.227905 0.2335004 0.2382685   0 0 0
fib_hpx                             30                   parfib   16   0.1826169 0.1880285 0.1941365   0 0 0
fib_hpx                             30                   parfib   32   0.1225198 0.1260193 0.1290341   0 0 0
fib_hpx                             35                   parfib   1    19.4742581 19.4826088 19.5202614   0 0 0
fib_hpx                             35                   parfib   2    13.4265936 13.4640707 13.5925377   0 0 0
fib_hpx                             35                   parfib   4    6.6330274 7.5719452 7.6310649   0 0 0
fib_hpx                             35                   parfib   8    3.5127526 3.5926992 3.6825762   0 0 0
fib_hpx                             35                   parfib   12   2.4981868 2.5343701 2.579565   0 0 0
fib_hpx                             35                   parfib   16   1.9220869 2.0360257 2.128756   0 0 0
fib_hpx                             35                   parfib   32   1.3340397 1.3565608 1.380717   0 0 0
fib_hpx                             40                   parfib   1    215.8644225 215.9652778 215.9973801   0 0 0
fib_hpx                             40                   parfib   2    147.4300564 147.7367095 148.2318217   0 0 0
fib_hpx                             40                   parfib   4    70.2936477 76.8894644 77.1145512   0 0 0
fib_hpx                             40                   parfib   8    38.2897557 39.1834004 40.1340292   0 0 0
fib_hpx                             40                   parfib   12   26.9071788 27.1085771 27.8957685   0 0 0
fib_hpx                             40                   parfib   16   21.8009308 21.9376302 22.4266667   0 0 0
fib_hpx                             40                   parfib   32   14.6137528 14.9123013 15.2495975   0 0 0
fib_omp                             15                   parfib   1    0.000127 0.0001283 0.0001303   0 0 0
fib_omp                             15                   parfib   2    0.0002808 0.0003188 0.0003241   0 0 0
fib_omp                             15                   parfib   4    0.0002473 0.0003589 0.0004148   0 0 0
fib_omp                             15                   parfib   8    0.0003083 0.0004039 0.0005591   0 0 0
fib_omp                             15                   parfib   12   0.0002368 0.0002745 0.0004178   0 0 0
fib_omp                             15                   parfib   16   0.0002649 0.0003166 0.0006165   0 0 0
fib_omp                             15                   parfib   32   0.00029 0.0003169 0.0003255   0 0 0
fib_omp                             20                   parfib   1    0.001259 0.0012673 0.0012771   0 0 0
fib_omp                             20                   parfib   2    0.001978 0.0020398 0.0023713   0 0 0
fib_omp                             20                   parfib   4    0.0017654 0.0022457 0.0025631   0 0 0
fib_omp                             20                   parfib   8    0.0013759 0.0014884 0.0016943   0 0 0
fib_omp                             20                   parfib   12   0.0012284 0.0013078 0.001843   0 0 0
fib_omp                             20                   parfib   16   0.0012691 0.0013882 0.0025115   0 0 0
fib_omp                             20                   parfib   32   0.0012232 0.0014192 0.0091351   0 0 0
fib_omp                             25                   parfib   1    0.0141479 0.0141667 0.0145117   0 0 0
fib_omp                             25                   parfib   2    0.0205438 0.0205916 0.0208278   0 0 0
fib_omp                             25                   parfib   4    0.0175031 0.0177556 0.0203673   0 0 0
fib_omp                             25                   parfib   8    0.012819 0.0133426 0.0164334   0 0 0
fib_omp                             25                   parfib   12   0.0072593 0.009085 0.0101272   0 0 0
fib_omp                             25                   parfib   16   0.0080031 0.0083702 0.0087691   0 0 0
fib_omp                             25                   parfib   32   0.0069652 0.0106446 0.029009   0 0 0
fib_omp                             30                   parfib   1    0.1564936 0.1566747 0.1567263   0 0 0
fib_omp                             30                   parfib   2    0.2349521 0.2360003 0.2414993   0 0 0
fib_omp                             30                   parfib   4    0.1559314 0.1751379 0.1929734   0 0 0
fib_omp                             30                   parfib   8    0.107127 0.1136466 0.1273824   0 0 0
fib_omp                             30                   parfib   12   0.0772382 0.0825594 0.0968541   0 0 0
fib_omp                             30                   parfib   16   0.068005 0.0711531 0.079541   0 0 0
fib_omp                             30                   parfib   32   0.0530586 0.0626267 0.1109172   0 0 0
fib_omp                             35                   parfib   1    1.7021014 1.7029558 1.7047156   0 0 0
fib_omp                             35                   parfib   2    3.8940344 3.8966628 3.9085131   0 0 0
fib_omp                             35                   parfib   4    2.4342354 2.6536854 2.7390074   0 0 0
fib_omp                             35                   parfib   8    1.6126435 1.6469033 2.1642114   0 0 0
fib_omp                             35                   parfib   12   1.1416548 1.3307046 1.4813267   0 0 0
fib_omp                             35                   parfib   16   0.9543026 0.9682731 1.0850603   0 0 0
fib_omp                             35                   parfib   32   0.6186429 0.6421901 0.6885212   0 0 0
fib_omp                             40                   parfib   1    18.710429 18.7163537 18.7566361   0 0 0
fib_omp                             40                   parfib   2    43.4153919 43.4238657 43.4502483   0 0 0
fib_omp                             40                   parfib   4    25.7259935 27.8279062 28.3893122   0 0 0
fib_omp                             40                   parfib   8    17.4128179 19.2389789 20.402995   0 0 0
fib_omp                             40                   parfib   12   13.2614663 14.0100335 14.3266386   0 0 0
fib_omp                             40                   parfib   16   10.6563672 11.1223023 11.7111073   0 0 0
fib_omp                             40                   parfib   32   7.7750172 7.9323056 8.3198887   0 0 0
fib_qthreads                        15                   parfib   2    0.0004678 0.0022496 0.0122718   0 0 0
fib_qthreads                        15                   parfib   4    0.0004389 0.0006666 0.0033983   0 0 0
fib_qthreads                        15                   parfib   8    0.0005859 0.0031345 0.0083842   0 0 0
fib_qthreads                        15                   parfib   12   0.0005096 0.0009637 0.00171   0 0 0
fib_qthreads                        15                   parfib   16   0.000446 0.0011011 0.0125919   0 0 0
fib_qthreads                        15                   parfib   32   0.0010353 0.001046 0.0013408   0 0 0
fib_qthreads                        20                   parfib   2    0.0046843 0.017251 0.0213358   0 0 0
fib_qthreads                        20                   parfib   4    0.0064207 0.0134372 0.0267179   0 0 0
fib_qthreads                        20                   parfib   8    0.0032782 0.0092752 0.0149354   0 0 0
fib_qthreads                        20                   parfib   12   0.0041789 0.0088775 0.0102285   0 0 0
fib_qthreads                        20                   parfib   16   0.0025521 0.0034763 0.0356868   0 0 0
fib_qthreads                        20                   parfib   32   0.0026171 0.0032634 0.0096074   0 0 0
fib_qthreads                        25                   parfib   2    0.0911289 0.1013584 0.2102823   0 0 0
fib_qthreads                        25                   parfib   4    0.0377669 0.0410239 0.047652   0 0 0
fib_qthreads                        25                   parfib   8    0.0269181 0.0309988 0.0422714   0 0 0
fib_qthreads                        25                   parfib   12   0.0445392 0.0456447 0.049497   0 0 0
fib_qthreads                        25                   parfib   16   0.0288559 0.0297069 0.0324823   0 0 0
fib_qthreads                        25                   parfib   32   0.0275359 0.032273 0.0378048   0 0 0
fib_qthreads                        30                   parfib   2    1.0728413 1.1025621 1.123955   0 0 0
fib_qthreads                        30                   parfib   4    0.4164525 0.4367074 0.4850389   0 0 0
fib_qthreads                        30                   parfib   8    0.2938539 0.2990791 0.325683   0 0 0
fib_qthreads                        30                   parfib   12   0.492499 0.494978 0.5144752   0 0 0
fib_qthreads                        30                   parfib   16   0.30043 0.3036194 0.3117817   0 0 0
fib_qthreads                        30                   parfib   32   0.3028938 0.3133101 0.3223228   0 0 0
fib_qthreads                        35                   parfib   2    12.0765449 13.0794923 13.7540282   0 0 0
fib_qthreads                        35                   parfib   4    4.4417295 4.7293124 4.9036708   0 0 0
fib_qthreads                        35                   parfib   8    3.2090213 3.2401016 3.3604785   0 0 0
fib_qthreads                        35                   parfib   12   5.4112439 5.4825385 5.6781061   0 0 0
fib_qthreads                        35                   parfib   16   3.2874275 3.3230172 3.3358668   0 0 0
fib_qthreads                        35                   parfib   32   3.3470197 3.3621419 3.5736045   0 0 0
fib_qthreads                        40                   parfib   2    135.2863775 142.6687943 148.0718796   0 0 0
fib_qthreads                        40                   parfib   4    48.4522855 53.5424496 55.2427905   0 0 0
fib_qthreads                        40                   parfib   8    35.5436041 35.7027699 35.7447301   0 0 0
fib_qthreads                        40                   parfib   12   59.9223224 60.2530109 62.7897426   0 0 0
fib_qthreads                        40                   parfib   16   36.4966947 36.6167228 38.5375531   0 0 0
fib_qthreads                        40                   parfib   32   37.0527301 37.1965804 37.6417064   0 0 0
fib_tbb                             15                   parfib   1    0.0001182 0.0001276 0.0001411   0 0 0
fib_tbb                             15                   parfib   2    0.0001685 0.0001694 0.0001704   0 0 0
fib_tbb                             15                   parfib   4    0.0001813 0.0001816 0.0001884   0 0 0
fib_tbb                             15                   parfib   8    0.0001571 0.0001818 0.0001837   0 0 0
fib_tbb                             15                   parfib   12   0.0001747 0.0001836 0.0001844   0 0 0
fib_tbb                             15                   parfib   16   0.0001831 0.0001851 0.0001933   0 0 0
fib_tbb                             15                   parfib   32   0.000172 0.000184 0.0001855   0 0 0
fib_tbb                             20                   parfib   1    0.0012132 0.0012147 0.0012293   0 0 0
fib_tbb                             20                   parfib   2    0.0007275 0.0007292 0.0007449   0 0 0
fib_tbb                             20                   parfib   4    0.0005916 0.0006033 0.0009142   0 0 0
fib_tbb                             20                   parfib   8    0.0009584 0.0012536 0.0012632   0 0 0
fib_tbb                             20                   parfib   12   0.0009178 0.0011821 0.001482   0 0 0
fib_tbb                             20                   parfib   16   0.000791 0.0009239 0.001218   0 0 0
fib_tbb                             20                   parfib   32   0.0010848 0.0011948 0.0012824   0 0 0
fib_tbb                             25                   parfib   1    0.0132888 0.0133276 0.0133645   0 0 0
fib_tbb                             25                   parfib   2    0.0067666 0.0067825 0.0067858   0 0 0
fib_tbb                             25                   parfib   4    0.0036189 0.0036707 0.0042262   0 0 0
fib_tbb                             25                   parfib   8    0.0023337 0.0028912 0.003153   0 0 0
fib_tbb                             25                   parfib   12   0.0027826 0.0028543 0.0029512   0 0 0
fib_tbb                             25                   parfib   16   0.0029378 0.0032061 0.0034019   0 0 0
fib_tbb                             25                   parfib   32   0.0034582 0.0036343 0.0038875   0 0 0
fib_tbb                             30                   parfib   1    0.1466896 0.1467111 0.1468705   0 0 0
fib_tbb                             30                   parfib   2    0.0739219 0.0739392 0.0740741   0 0 0
fib_tbb                             30                   parfib   4    0.0376863 0.0377358 0.0377818   0 0 0
fib_tbb                             30                   parfib   8    0.0205866 0.0209028 0.0212353   0 0 0
fib_tbb                             30                   parfib   12   0.0148998 0.0160148 0.0163793   0 0 0
fib_tbb                             30                   parfib   16   0.0126566 0.0130993 0.013615   0 0 0
fib_tbb                             30                   parfib   32   0.0109983 0.0121845 0.0128844   0 0 0
fib_tbb                             35                   parfib   1    1.6423639 1.642624 1.644383   0 0 0
fib_tbb                             35                   parfib   2    0.8258449 0.8271176 0.8282196   0 0 0
fib_tbb                             35                   parfib   4    0.4191184 0.4196447 0.4201983   0 0 0
fib_tbb                             35                   parfib   8    0.2163382 0.2190868 0.2239711   0 0 0
fib_tbb                             35                   parfib   12   0.1506379 0.1523557 0.1536915   0 0 0
fib_tbb                             35                   parfib   16   0.1172283 0.1222168 0.1305684   0 0 0
fib_tbb                             35                   parfib   32   0.083952 0.0848518 0.087051   0 0 0
fib_tbb                             40                   parfib   1    18.4705998 18.4773424 18.4911281   0 0 0
fib_tbb                             40                   parfib   2    9.3023608 9.3199096 9.3243419   0 0 0
fib_tbb                             40                   parfib   4    4.6502785 4.6677019 4.695903   0 0 0
fib_tbb                             40                   parfib   8    2.3903044 2.4546456 2.4815246   0 0 0
fib_tbb                             40                   parfib   12   1.6663715 1.6882666 1.696546   0 0 0
fib_tbb                             40                   parfib   16   1.2740184 1.2991729 1.3171548   0 0 0
fib_tbb                             40                   parfib   32   0.8785224 0.8821688 0.8833211   0 0 0
seq_cilk                            1000000              seqspawn  1    0.0230256 0.0230612 0.0231209   0 0 0
seq_cilk                            1000000              seqspawn  2    0.0310722 0.0323345 0.0326292   0 0 0
seq_cilk                            1000000              seqspawn  4    0.0324905 0.0326246 0.0333255   0 0 0
seq_cilk                            1000000              seqspawn  8    0.0346417 0.0348687 0.0361346   0 0 0
seq_cilk                            1000000              seqspawn  12   0.0347958 0.0354792 0.0361614   0 0 0
seq_cilk                            1000000              seqspawn  16   0.0365403 0.0373498 0.0391133   0 0 0
seq_cilk                            1000000              seqspawn  32   0.0343354 0.0359191 0.045461   0 0 0
seq_cilk                            2000000              seqspawn  1    0.0458898 0.0459041 0.0459408   0 0 0
seq_cilk                            2000000              seqspawn  2    0.0618479 0.0634324 0.0636915   0 0 0
seq_cilk                            2000000              seqspawn  4    0.0645458 0.0655282 0.065941   0 0 0
seq_cilk                            2000000              seqspawn  8    0.0691282 0.0696036 0.0707149   0 0 0
seq_cilk                            2000000              seqspawn  12   0.0703155 0.0735837 0.0740311   0 0 0
seq_cilk                            2000000              seqspawn  16   0.0752909 0.0766975 0.0771296   0 0 0
seq_cilk                            2000000              seqspawn  32   0.0687271 0.0758914 0.0918474   0 0 0
seq_cilk                            3000000              seqspawn  1    0.0687155 0.0687565 0.0688127   0 0 0
seq_cilk                            3000000              seqspawn  2    0.0964012 0.0973317 0.0979251   0 0 0
seq_cilk                            3000000              seqspawn  4    0.0979717 0.0984872 0.0990059   0 0 0
seq_cilk                            3000000              seqspawn  8    0.1039173 0.1054729 0.1066768   0 0 0
seq_cilk                            3000000              seqspawn  12   0.1058442 0.1095378 0.1110571   0 0 0
seq_cilk                            3000000              seqspawn  16   0.1128338 0.1154555 0.1179302   0 0 0
seq_cilk                            3000000              seqspawn  32   0.1091477 0.1287934 0.1388292   0 0 0
seq_cilk                            4000000              seqspawn  1    0.0916123 0.0916368 0.0916859   0 0 0
seq_cilk                            4000000              seqspawn  2    0.1283401 0.1291058 0.130794   0 0 0
seq_cilk                            4000000              seqspawn  4    0.130188 0.1310961 0.1312978   0 0 0
seq_cilk                            4000000              seqspawn  8    0.1357163 0.1399463 0.1413908   0 0 0
seq_cilk                            4000000              seqspawn  12   0.1448897 0.1474373 0.1494591   0 0 0
seq_cilk                            4000000              seqspawn  16   0.1509302 0.154289 0.154608   0 0 0
seq_cilk                            4000000              seqspawn  32   0.1481114 0.1643383 0.1861097   0 0 0
seq_cilk                            5000000              seqspawn  1    0.1142154 0.1151924 0.1152971   0 0 0
seq_cilk                            5000000              seqspawn  2    0.1588039 0.1603644 0.1622846   0 0 0
seq_cilk                            5000000              seqspawn  4    0.1619396 0.1625309 0.1671066   0 0 0
seq_cilk                            5000000              seqspawn  8    0.1618351 0.1747813 0.1770958   0 0 0
seq_cilk                            5000000              seqspawn  12   0.1820088 0.1840177 0.1880939   0 0 0
seq_cilk                            5000000              seqspawn  16   0.1918182 0.1934835 0.1945179   0 0 0
seq_cilk                            5000000              seqspawn  32   0.1829598 0.1983398 0.2185526   0 0 0
seq_cilk                            6000000              seqspawn  1    0.1370923 0.1382551 0.1383359   0 0 0
seq_cilk                            6000000              seqspawn  2    0.1930098 0.193792 0.1951993   0 0 0
seq_cilk                            6000000              seqspawn  4    0.1960769 0.1977662 0.2023743   0 0 0
seq_cilk                            6000000              seqspawn  8    0.2099388 0.2120955 0.2165689   0 0 0
seq_cilk                            6000000              seqspawn  12   0.2057072 0.2224338 0.2252379   0 0 0
seq_cilk                            6000000              seqspawn  16   0.228611 0.2306139 0.2333869   0 0 0
seq_cilk                            6000000              seqspawn  32   0.2111544 0.2482864 0.2881836   0 0 0
seq_cilk                            7000000              seqspawn  1    0.1601749 0.1602894 0.1619747   0 0 0
seq_cilk                            7000000              seqspawn  2    0.224338 0.2262216 0.2278683   0 0 0
seq_cilk                            7000000              seqspawn  4    0.228948 0.2318776 0.235405   0 0 0
seq_cilk                            7000000              seqspawn  8    0.2402435 0.2440684 0.2473088   0 0 0
seq_cilk                            7000000              seqspawn  12   0.2483996 0.2523643 0.257152   0 0 0
seq_cilk                            7000000              seqspawn  16   0.268588 0.271451 0.274724   0 0 0
seq_cilk                            7000000              seqspawn  32   0.3043892 0.3319775 0.3337262   0 0 0
seq_cilk                            8000000              seqspawn  1    0.1822919 0.1829518 0.1842142   0 0 0
seq_cilk                            8000000              seqspawn  2    0.2545756 0.2591828 0.2612953   0 0 0
seq_cilk                            8000000              seqspawn  4    0.2608274 0.2626846 0.2654806   0 0 0
seq_cilk                            8000000              seqspawn  8    0.271959 0.2798923 0.2851762   0 0 0
seq_cilk                            8000000              seqspawn  12   0.2904682 0.2934398 0.2946362   0 0 0
seq_cilk                            8000000              seqspawn  16   0.3035796 0.3092 0.3131681   0 0 0
seq_cilk                            8000000              seqspawn  32   0.2958287 0.3161997 0.3370313   0 0 0
seq_cilk                            9000000              seqspawn  1    0.2051554 0.2056021 0.208054   0 0 0
seq_cilk                            9000000              seqspawn  2    0.2856298 0.2921529 0.2933578   0 0 0
seq_cilk                            9000000              seqspawn  4    0.2876945 0.2915102 0.2925292   0 0 0
seq_cilk                            9000000              seqspawn  8    0.3129346 0.3149257 0.3185436   0 0 0
seq_cilk                            9000000              seqspawn  12   0.3247215 0.3308716 0.3323159   0 0 0
seq_cilk                            9000000              seqspawn  16   0.3461909 0.3467495 0.3506157   0 0 0
seq_cilk                            9000000              seqspawn  32   0.3204563 0.4105994 0.4343709   0 0 0
seq_cilk                            10000000             seqspawn  1    0.22818 0.2284627 0.2289869   0 0 0
seq_cilk                            10000000             seqspawn  2    0.3163393 0.3233037 0.3241927   0 0 0
seq_cilk                            10000000             seqspawn  4    0.3198864 0.3248376 0.3250382   0 0 0
seq_cilk                            10000000             seqspawn  8    0.3411928 0.3449217 0.3491261   0 0 0
seq_cilk                            10000000             seqspawn  12   0.3522146 0.3703631 0.371621   0 0 0
seq_cilk                            10000000             seqspawn  16   0.3821436 0.3849848 0.3869836   0 0 0
seq_cilk                            10000000             seqspawn  32   0.3955871 0.448313 0.4755878   0 0 0
seq_hpx                             1000000              seqspawn  1    0.5519289 0.5531307 0.5569944   0 0 0
seq_hpx                             1000000              seqspawn  2    0.4797707 0.4875689 0.4894361   0 0 0
seq_hpx                             1000000              seqspawn  4    0.580206 0.5874622 0.5913656   0 0 0
seq_hpx                             1000000              seqspawn  8    0.6255961 0.6268 0.6316403   0 0 0
seq_hpx                             1000000              seqspawn  12   0.6516059 0.6632468 0.66647   0 0 0
seq_hpx                             1000000              seqspawn  16   0.6778208 0.6814287 0.6928854   0 0 0
seq_hpx                             1000000              seqspawn  32   0.9544611 0.9603086 0.9864216   0 0 0
seq_hpx                             2000000              seqspawn  1    1.0931052 1.0934323 1.0945061   0 0 0
seq_hpx                             2000000              seqspawn  2    0.9645962 0.9676762 0.9763968   0 0 0
seq_hpx                             2000000              seqspawn  4    1.1372567 1.1684372 1.1735641   0 0 0
seq_hpx                             2000000              seqspawn  8    1.2205018 1.2601045 1.2714533   0 0 0
seq_hpx                             2000000              seqspawn  12   1.3156348 1.3324644 1.3467899   0 0 0
seq_hpx                             2000000              seqspawn  16   1.3607168 1.3782476 1.840193   0 0 0
seq_hpx                             2000000              seqspawn  32   1.9268734 1.9286163 1.9657131   0 0 0
seq_hpx                             3000000              seqspawn  1    1.6822895 1.6839802 1.709714   0 0 0
seq_hpx                             3000000              seqspawn  2    1.4522644 1.4601834 1.4749396   0 0 0
seq_hpx                             3000000              seqspawn  4    1.746094 1.7791707 1.7892024   0 0 0
seq_hpx                             3000000              seqspawn  8    1.8734244 1.9274 1.9487546   0 0 0
seq_hpx                             3000000              seqspawn  12   2.008892 2.0161643 2.0319379   0 0 0
seq_hpx                             3000000              seqspawn  16   2.0606792 2.0664318 2.0786244   0 0 0
seq_hpx                             3000000              seqspawn  32   2.9123965 2.9224163 2.9565817   0 0 0
seq_hpx                             4000000              seqspawn  1    2.2092486 2.2140092 2.2185211   0 0 0
seq_hpx                             4000000              seqspawn  2    1.9349708 2.0301526 2.0514054   0 0 0
seq_hpx                             4000000              seqspawn  4    2.3328719 2.3635117 2.3785173   0 0 0
seq_hpx                             4000000              seqspawn  8    2.4708838 2.4878803 2.5149472   0 0 0
seq_hpx                             4000000              seqspawn  12   2.6172849 2.675124 2.7298802   0 0 0
seq_hpx                             4000000              seqspawn  16   2.7279406 2.7519076 2.8044766   0 0 0
seq_hpx                             4000000              seqspawn  32   3.8473239 3.8605357 4.0005984   0 0 0
seq_hpx                             5000000              seqspawn  1    2.8187818 2.8218492 2.8293678   0 0 0
seq_hpx                             5000000              seqspawn  2    2.3883973 2.4144049 2.4386862   0 0 0
seq_hpx                             5000000              seqspawn  4    2.8929405 2.9720441 3.0055802   0 0 0
seq_hpx                             5000000              seqspawn  8    3.1392796 3.1691664 3.1935622   0 0 0
seq_hpx                             5000000              seqspawn  12   3.2942537 3.3780295 3.4146106   0 0 0
seq_hpx                             5000000              seqspawn  16   3.4511275 3.4943881 3.513908   0 0 0
seq_hpx                             5000000              seqspawn  32   4.9342527 4.9749797 5.0143104   0 0 0
seq_hpx                             6000000              seqspawn  1    3.3092362 3.3224435 3.325341   0 0 0
seq_hpx                             6000000              seqspawn  2    2.9260509 2.9684442 3.0655303   0 0 0
seq_hpx                             6000000              seqspawn  4    3.4726958 3.5466807 3.553023   0 0 0
seq_hpx                             6000000              seqspawn  8    3.7232413 3.8068293 3.8484856   0 0 0
seq_hpx                             6000000              seqspawn  12   3.9569855 4.0122278 4.0980061   0 0 0
seq_hpx                             6000000              seqspawn  16   4.1179098 4.1934694 4.2191465   0 0 0
seq_hpx                             6000000              seqspawn  32   5.7778897 5.8350969 5.8965286   0 0 0
seq_hpx                             7000000              seqspawn  1    3.8811737 3.8845494 3.8906171   0 0 0
seq_hpx                             7000000              seqspawn  2    3.410484 3.5473364 3.60635   0 0 0
seq_hpx                             7000000              seqspawn  4    4.0192718 4.0889074 4.1509868   0 0 0
seq_hpx                             7000000              seqspawn  8    4.2484034 4.4764041 4.5165726   0 0 0
seq_hpx                             7000000              seqspawn  12   4.5502687 4.6854635 4.7413918   0 0 0
seq_hpx                             7000000              seqspawn  16   4.7651515 4.8061781 4.8355646   0 0 0
seq_hpx                             7000000              seqspawn  32   6.741702 6.776134 6.8960005   0 0 0
seq_hpx                             8000000              seqspawn  1    4.3601963 4.3627312 4.3701849   0 0 0
seq_hpx                             8000000              seqspawn  2    3.831405 3.8816263 4.0635372   0 0 0
seq_hpx                             8000000              seqspawn  4    4.5796291 4.6357831 4.6735236   0 0 0
seq_hpx                             8000000              seqspawn  8    4.8952687 5.0670599 5.0938447   0 0 0
seq_hpx                             8000000              seqspawn  12   5.2821191 5.3703748 5.4721617   0 0 0
seq_hpx                             8000000              seqspawn  16   5.4568518 5.5192914 5.631154   0 0 0
seq_hpx                             8000000              seqspawn  32   7.6623213 7.6771189 7.8362128   0 0 0
seq_hpx                             9000000              seqspawn  1    5.0676295 5.0749856 5.1014512   0 0 0
seq_hpx                             9000000              seqspawn  2    4.408642 4.5952718 4.6269158   0 0 0
seq_hpx                             9000000              seqspawn  4    5.2636048 5.3215581 5.4118652   0 0 0
seq_hpx                             9000000              seqspawn  8    5.6323899 5.6953415 5.7929453   0 0 0
seq_hpx                             9000000              seqspawn  12   6.0187392 6.0546885 6.2140222   0 0 0
seq_hpx                             9000000              seqspawn  16   6.305196 6.3095378 6.3800863   0 0 0
seq_hpx                             9000000              seqspawn  32   8.8064684 8.8275038 8.9963121   0 0 0
seq_hpx                             10000000             seqspawn  1    5.6683594 5.671517 5.7160213   0 0 0
seq_hpx                             10000000             seqspawn  2    4.7716963 5.0138138 5.1062548   0 0 0
seq_hpx                             10000000             seqspawn  4    5.8420861 5.8666675 5.9790583   0 0 0
seq_hpx                             10000000             seqspawn  8    6.2197433 6.3280258 6.4484527   0 0 0
seq_hpx                             10000000             seqspawn  12   6.691984 6.7241757 6.7547157   0 0 0
seq_hpx                             10000000             seqspawn  16   6.889727 6.9388788 7.0440056   0 0 0
seq_hpx                             10000000             seqspawn  32   9.749095 9.9200629 10.0231165   0 0 0
seq_omp                             1000000              seqspawn  1    0.0396991 0.0397428 0.0400718   0 0 0
seq_omp                             1000000              seqspawn  2    0.3965595 0.4903406 0.5322362   0 0 0
seq_omp                             1000000              seqspawn  4    1.2657632 1.3674415 1.4006108   0 0 0
seq_omp                             1000000              seqspawn  8    1.652845 1.9276239 2.490907   0 0 0
seq_omp                             1000000              seqspawn  12   2.7143139 3.6508536 3.911938   0 0 0
seq_omp                             1000000              seqspawn  16   4.0179555 4.4548206 4.7849704   0 0 0
seq_omp                             1000000              seqspawn  32   3.5655569 4.0489919 4.422664   0 0 0
seq_omp                             2000000              seqspawn  1    0.0792133 0.0794111 0.0794696   0 0 0
seq_omp                             2000000              seqspawn  2    0.9725402 1.0566355 1.1175304   0 0 0
seq_omp                             2000000              seqspawn  4    2.5082361 2.7093832 2.7441074   0 0 0
seq_omp                             2000000              seqspawn  8    3.211012 3.53139 4.3247253   0 0 0
seq_omp                             2000000              seqspawn  12   4.5129332 5.9727766 6.0858091   0 0 0
seq_omp                             2000000              seqspawn  16   7.889137 8.9103594 9.7919926   0 0 0
seq_omp                             2000000              seqspawn  32   6.5103414 7.5983497 11.2018566   0 0 0
seq_omp                             3000000              seqspawn  1    0.1188681 0.1189238 0.1195185   0 0 0
seq_omp                             3000000              seqspawn  2    1.3335864 1.4772435 1.5659334   0 0 0
seq_omp                             3000000              seqspawn  4    3.9011393 4.1146048 4.2054208   0 0 0
seq_omp                             3000000              seqspawn  8    4.8190823 5.5487147 8.1157875   0 0 0
seq_omp                             3000000              seqspawn  12   8.6643909 11.316277 12.4078927   0 0 0
seq_omp                             3000000              seqspawn  16   11.369165 12.2510227 13.4678867   0 0 0
seq_omp                             3000000              seqspawn  32   11.3087098 12.1758298 12.9316983   0 0 0
seq_omp                             4000000              seqspawn  1    0.158336 0.1585498 0.1589315   0 0 0
seq_omp                             4000000              seqspawn  2    1.9249148 2.0477558 2.3309034   0 0 0
seq_omp                             4000000              seqspawn  4    5.4002272 5.4741935 5.5220645   0 0 0
seq_omp                             4000000              seqspawn  8    7.2501929 8.5930074 11.7644511   0 0 0
seq_omp                             4000000              seqspawn  12   9.4351993 12.1061169 16.4167128   0 0 0
seq_omp                             4000000              seqspawn  16   15.255174 16.8679726 20.0283484   0 0 0
seq_omp                             4000000              seqspawn  32   15.1134039 16.7338254 19.6252448   0 0 0
seq_omp                             5000000              seqspawn  1    0.1987289 0.1991544 0.2026303   0 0 0
seq_omp                             5000000              seqspawn  2    2.4076067 2.5099829 2.6908474   0 0 0
seq_omp                             5000000              seqspawn  4    6.8117251 6.8863071 7.029511   0 0 0
seq_omp                             5000000              seqspawn  8    8.1111829 10.4245325 10.9775329   0 0 0
seq_omp                             5000000              seqspawn  12   14.4810682 18.3197866 19.0943753   0 0 0
seq_omp                             5000000              seqspawn  16   19.7842641 20.4427709 25.0770759   0 0 0
seq_omp                             5000000              seqspawn  32   17.2761342 18.7452922 22.4838704   0 0 0
seq_omp                             6000000              seqspawn  1    0.2376291 0.2378569 0.2385261   0 0 0
seq_omp                             6000000              seqspawn  2    2.9352603 3.0329361 3.2218082   0 0 0
seq_omp                             6000000              seqspawn  4    7.66296 8.1215755 8.3700375   0 0 0
seq_omp                             6000000              seqspawn  8    9.6158795 10.6108554 12.6886923   0 0 0
seq_omp                             6000000              seqspawn  12   16.5162291 21.894074 23.6448355   0 0 0
seq_omp                             6000000              seqspawn  16   23.7587313 26.8085405 30.1307961   0 0 0
seq_omp                             6000000              seqspawn  32   20.9963472 22.1972552 24.5657941   0 0 0
seq_omp                             7000000              seqspawn  1    0.2768398 0.2774453 0.2784986   0 0 0
seq_omp                             7000000              seqspawn  2    3.5215642 3.6447438 3.8472924   0 0 0
seq_omp                             7000000              seqspawn  4    8.7938462 9.3773608 9.6083805   0 0 0
seq_omp                             7000000              seqspawn  8    11.6357411 12.5443218 22.1441209   0 0 0
seq_omp                             7000000              seqspawn  12   19.4736601 21.2307356 26.1025865   0 0 0
seq_omp                             7000000              seqspawn  16   27.9201331 29.2238518 41.3677313   0 0 0
seq_omp                             7000000              seqspawn  32   23.8931517 26.3089178 30.4265809   0 0 0
seq_omp                             8000000              seqspawn  1    0.3171011 0.3175671 0.3178173   0 0 0
seq_omp                             8000000              seqspawn  2    3.9705398 4.089415 4.2403845   0 0 0
seq_omp                             8000000              seqspawn  4    10.7431795 10.9183988 11.0847039   0 0 0
seq_omp                             8000000              seqspawn  8    14.2400346 15.842637 21.4691086   0 0 0
seq_omp                             8000000              seqspawn  12   18.7089444 24.3437728 31.3758881   0 0 0
seq_omp                             8000000              seqspawn  16   31.3644328 33.2801257 34.5307686   0 0 0
seq_omp                             8000000              seqspawn  32   26.2895379 33.3124589 36.4806351   0 0 0
seq_omp                             9000000              seqspawn  1    0.3599303 0.3605696 0.3609496   0 0 0
seq_omp                             9000000              seqspawn  2    4.6678495 4.731782 4.963822   0 0 0
seq_omp                             9000000              seqspawn  4    11.6154208 12.0724752 12.4040803   0 0 0
seq_omp                             9000000              seqspawn  8    16.9222649 18.4399586 19.0822851   0 0 0
seq_omp                             9000000              seqspawn  12   23.9011789 36.2832751 36.5357998   0 0 0
seq_omp                             9000000              seqspawn  16   36.1167883 36.9815519 41.3807641   0 0 0
seq_omp                             9000000              seqspawn  32   29.3946365 32.4140554 42.2437682   0 0 0
seq_omp                             10000000             seqspawn  1    0.3982594 0.3988123 0.3992832   0 0 0
seq_omp                             10000000             seqspawn  2    5.1742544 5.4442066 5.6156904   0 0 0
seq_omp                             10000000             seqspawn  4    12.6801841 13.4179947 13.7728086   0 0 0
seq_omp                             10000000             seqspawn  8    16.3748335 18.2111898 21.2679944   0 0 0
seq_omp                             10000000             seqspawn  12   29.562841 30.5452127 37.0884306   0 0 0
seq_omp                             10000000             seqspawn  16   38.444047 45.4449555 45.5437669   0 0 0
seq_omp                             10000000             seqspawn  32   34.444843 37.0614486 37.679711   0 0 0
seq_qthreads                        1000000              seqspawn  2    0.5466138 0.5723253 0.5973102   0 0 0
seq_qthreads                        1000000              seqspawn  4    0.4117513 0.4272812 0.4347008   0 0 0
seq_qthreads                        1000000              seqspawn  8    0.2466845 0.2592012 0.2782662   0 0 0
seq_qthreads                        1000000              seqspawn  12   0.2052509 0.2344363 0.2556048   0 0 0
seq_qthreads                        1000000              seqspawn  16   0.2286739 0.2458771 0.2497748   0 0 0
seq_qthreads                        1000000              seqspawn  32   0.2839663 0.287238 0.2931711   0 0 0
seq_qthreads                        2000000              seqspawn  2    1.1054952 1.2092436 1.2825345   0 0 0
seq_qthreads                        2000000              seqspawn  4    0.818895 0.8731778 1.1229707   0 0 0
seq_qthreads                        2000000              seqspawn  8    0.4878661 0.5112904 0.5484724   0 0 0
seq_qthreads                        2000000              seqspawn  12   0.4693289 0.4888992 0.5072647   0 0 0
seq_qthreads                        2000000              seqspawn  16   0.453068 0.4746398 0.5045384   0 0 0
seq_qthreads                        2000000              seqspawn  32   0.5761658 0.5811388 0.6008974   0 0 0
seq_qthreads                        3000000              seqspawn  2    1.6662677 1.823283 1.8864913   0 0 0
seq_qthreads                        3000000              seqspawn  4    1.1591171 1.1973682 1.5324654   0 0 0
seq_qthreads                        3000000              seqspawn  8    0.7405941 0.7538281 0.8028198   0 0 0
seq_qthreads                        3000000              seqspawn  12   0.6111454 0.6879549 0.7114274   0 0 0
seq_qthreads                        3000000              seqspawn  16   0.7019962 0.7346123 0.7399356   0 0 0
seq_qthreads                        3000000              seqspawn  32   0.8608774 0.8784535 0.900229   0 0 0
seq_qthreads                        4000000              seqspawn  2    2.1617921 2.3174484 2.4003294   0 0 0
seq_qthreads                        4000000              seqspawn  4    1.6726595 1.6847557 1.8809678   0 0 0
seq_qthreads                        4000000              seqspawn  8    1.0088369 1.0424176 1.0633443   0 0 0
seq_qthreads                        4000000              seqspawn  12   0.8070481 0.9759363 0.9883914   0 0 0
seq_qthreads                        4000000              seqspawn  16   0.9261384 0.9697968 0.9756291   0 0 0
seq_qthreads                        4000000              seqspawn  32   1.1399758 1.1447669 1.1682861   0 0 0
seq_qthreads                        5000000              seqspawn  2    2.6838467 2.984464 3.0583222   0 0 0
seq_qthreads                        5000000              seqspawn  4    1.9493607 1.9985064 2.3650627   0 0 0
seq_qthreads                        5000000              seqspawn  8    1.2127998 1.229885 1.3166856   0 0 0
seq_qthreads                        5000000              seqspawn  12   0.9864447 1.1538075 1.1645176   0 0 0
seq_qthreads                        5000000              seqspawn  16   1.1088737 1.2074459 1.2172889   0 0 0
seq_qthreads                        5000000              seqspawn  32   1.4178492 1.4403785 1.4624983   0 0 0
seq_qthreads                        6000000              seqspawn  2    3.2410404 3.5160186 3.6629982   0 0 0
seq_qthreads                        6000000              seqspawn  4    2.3888125 2.7899541 3.4998687   0 0 0
seq_qthreads                        6000000              seqspawn  8    1.4671139 1.4789992 1.505895   0 0 0
seq_qthreads                        6000000              seqspawn  12   1.3972073 1.4106381 1.411257   0 0 0
seq_qthreads                        6000000              seqspawn  16   1.3718756 1.4305652 1.4671   0 0 0
seq_qthreads                        6000000              seqspawn  32   1.7047633 1.737416 1.7733061   0 0 0
seq_qthreads                        7000000              seqspawn  2    3.7644299 4.0985261 4.5145524   0 0 0
seq_qthreads                        7000000              seqspawn  4    2.5871598 2.9188079 3.0265118   0 0 0
seq_qthreads                        7000000              seqspawn  8    1.7302241 1.8170397 1.8466399   0 0 0
seq_qthreads                        7000000              seqspawn  12   1.3894774 1.4279915 1.6352855   0 0 0
seq_qthreads                        7000000              seqspawn  16   1.5992051 1.6829756 1.7000767   0 0 0
seq_qthreads                        7000000              seqspawn  32   1.9835313 2.0149293 2.0401656   0 0 0
seq_qthreads                        8000000              seqspawn  2    4.3087599 4.3228832 4.4637864   0 0 0
seq_qthreads                        8000000              seqspawn  4    2.8330432 3.3059367 3.6704156   0 0 0
seq_qthreads                        8000000              seqspawn  8    1.9285923 1.9746931 2.0000584   0 0 0
seq_qthreads                        8000000              seqspawn  12   1.6030287 1.6261766 1.98434   0 0 0
seq_qthreads                        8000000              seqspawn  16   1.7940256 1.8505214 1.9528588   0 0 0
seq_qthreads                        8000000              seqspawn  32   2.3092323 2.3234456 2.3534493   0 0 0
seq_qthreads                        9000000              seqspawn  2    4.8380679 4.8869942 4.9997804   0 0 0
seq_qthreads                        9000000              seqspawn  4    3.5819868 4.0166827 4.0709315   0 0 0
seq_qthreads                        9000000              seqspawn  8    2.1544619 2.1923907 2.3369855   0 0 0
seq_qthreads                        9000000              seqspawn  12   1.8055848 1.8281394 2.1104409   0 0 0
seq_qthreads                        9000000              seqspawn  16   2.0504986 2.1323893 2.144476   0 0 0
seq_qthreads                        9000000              seqspawn  32   2.5563526 2.5816904 2.6278607   0 0 0
seq_qthreads                        10000000             seqspawn  2    5.4334694 6.0437575 6.1127774   0 0 0
seq_qthreads                        10000000             seqspawn  4    4.0067902 4.052046 4.4998267   0 0 0
seq_qthreads                        10000000             seqspawn  8    2.4498817 2.6157009 2.6188857   0 0 0
seq_qthreads                        10000000             seqspawn  12   2.0354687 2.0726071 2.4707409   0 0 0
seq_qthreads                        10000000             seqspawn  16   2.2857895 2.3869494 2.4008533   0 0 0
seq_qthreads                        10000000             seqspawn  32   2.8506619 2.8735374 2.9002868   0 0 0
seq_tbb                             1000000              seqspawn  1    0.2032987 0.2040634 0.2041884   0 0 0
seq_tbb                             1000000              seqspawn  2    0.3602951 0.4478563 0.45059   0 0 0
seq_tbb                             1000000              seqspawn  4    0.3524687 0.3684435 0.3726979   0 0 0
seq_tbb                             1000000              seqspawn  8    0.3924628 0.3956754 0.4076973   0 0 0
seq_tbb                             1000000              seqspawn  12   0.4891952 0.5376745 0.5560456   0 0 0
seq_tbb                             1000000              seqspawn  16   0.3976555 0.4772211 0.5550065   0 0 0
seq_tbb                             1000000              seqspawn  32   0.5631071 0.5729834 0.5831669   0 0 0
seq_tbb                             2000000              seqspawn  1    0.4014624 0.4072233 0.4086763   0 0 0
seq_tbb                             2000000              seqspawn  2    0.8853942 0.896338 0.9476218   0 0 0
seq_tbb                             2000000              seqspawn  4    0.7121203 0.7244548 0.7365087   0 0 0
seq_tbb                             2000000              seqspawn  8    0.7769842 0.7826084 0.8105193   0 0 0
seq_tbb                             2000000              seqspawn  12   1.0228697 1.0491482 1.1071848   0 0 0
seq_tbb                             2000000              seqspawn  16   0.9209136 1.0765698 1.1040765   0 0 0
seq_tbb                             2000000              seqspawn  32   1.1377978 1.1709342 1.1923298   0 0 0
seq_tbb                             3000000              seqspawn  1    0.6088382 0.6153193 0.6174215   0 0 0
seq_tbb                             3000000              seqspawn  2    1.2221606 1.3473073 1.3666104   0 0 0
seq_tbb                             3000000              seqspawn  4    1.100759 1.1135948 1.1505343   0 0 0
seq_tbb                             3000000              seqspawn  8    1.1633574 1.1843935 1.208326   0 0 0
seq_tbb                             3000000              seqspawn  12   1.567064 1.6300323 1.6693626   0 0 0
seq_tbb                             3000000              seqspawn  16   1.3445923 1.5428499 1.6812027   0 0 0
seq_tbb                             3000000              seqspawn  32   1.6705796 1.7425122 1.7672507   0 0 0
seq_tbb                             4000000              seqspawn  1    0.8068683 0.8088911 0.8221367   0 0 0
seq_tbb                             4000000              seqspawn  2    1.7652233 1.7862163 1.8193754   0 0 0
seq_tbb                             4000000              seqspawn  4    1.4481344 1.4516219 1.4639759   0 0 0
seq_tbb                             4000000              seqspawn  8    1.5698716 1.5835427 1.6957811   0 0 0
seq_tbb                             4000000              seqspawn  12   2.1961082 2.2158413 2.2691344   0 0 0
seq_tbb                             4000000              seqspawn  16   2.0404347 2.1744485 2.2750313   0 0 0
seq_tbb                             4000000              seqspawn  32   2.3126861 2.328453 2.3432863   0 0 0
seq_tbb                             5000000              seqspawn  1    1.0091148 1.0223086 1.0241641   0 0 0
seq_tbb                             5000000              seqspawn  2    2.2442301 2.256031 2.3299894   0 0 0
seq_tbb                             5000000              seqspawn  4    1.8246576 1.8550766 1.8835488   0 0 0
seq_tbb                             5000000              seqspawn  8    1.9667972 2.0016683 2.0101455   0 0 0
seq_tbb                             5000000              seqspawn  12   2.6706585 2.7208526 2.8630832   0 0 0
seq_tbb                             5000000              seqspawn  16   2.6152378 2.6910687 2.7827221   0 0 0
seq_tbb                             5000000              seqspawn  32   2.9195558 2.9559477 2.9737871   0 0 0
seq_tbb                             6000000              seqspawn  1    1.2225395 1.2276671 1.2289576   0 0 0
seq_tbb                             6000000              seqspawn  2    2.7084754 2.7504746 2.9249014   0 0 0
seq_tbb                             6000000              seqspawn  4    2.1996937 2.2410168 2.2520262   0 0 0
seq_tbb                             6000000              seqspawn  8    2.2530257 2.4088228 2.552739   0 0 0
seq_tbb                             6000000              seqspawn  12   3.2108993 3.3562018 3.5050113   0 0 0
seq_tbb                             6000000              seqspawn  16   2.8097091 3.1953499 3.2841554   0 0 0
seq_tbb                             6000000              seqspawn  32   3.4924458 3.5422981 3.5667113   0 0 0
seq_tbb                             7000000              seqspawn  1    1.4195028 1.4272351 1.435349   0 0 0
seq_tbb                             7000000              seqspawn  2    3.1505405 3.1759663 3.2416445   0 0 0
seq_tbb                             7000000              seqspawn  4    2.4369937 2.5728359 2.6984074   0 0 0
seq_tbb                             7000000              seqspawn  8    2.7931136 2.8336301 2.8866706   0 0 0
seq_tbb                             7000000              seqspawn  12   3.6508806 3.9078382 4.1592191   0 0 0
seq_tbb                             7000000              seqspawn  16   3.763013 3.8176169 3.9376276   0 0 0
seq_tbb                             7000000              seqspawn  32   4.1077388 4.1251865 4.1796433   0 0 0
seq_tbb                             8000000              seqspawn  1    1.6122097 1.6192761 1.6401572   0 0 0
seq_tbb                             8000000              seqspawn  2    3.0383142 3.614193 3.7344552   0 0 0
seq_tbb                             8000000              seqspawn  4    2.9225721 2.9893738 3.0373081   0 0 0
seq_tbb                             8000000              seqspawn  8    2.9783266 3.2381451 3.2887849   0 0 0
seq_tbb                             8000000              seqspawn  12   4.2401512 4.3700895 4.4712831   0 0 0
seq_tbb                             8000000              seqspawn  16   4.2289031 4.3611787 4.5760166   0 0 0
seq_tbb                             8000000              seqspawn  32   4.6140689 4.6683814 4.739931   0 0 0
seq_tbb                             9000000              seqspawn  1    1.8419831 1.8549504 1.8588417   0 0 0
seq_tbb                             9000000              seqspawn  2    3.9959879 4.1099346 4.2769807   0 0 0
seq_tbb                             9000000              seqspawn  4    3.1909296 3.3771777 3.4058533   0 0 0
seq_tbb                             9000000              seqspawn  8    3.5484283 3.6482521 3.8354166   0 0 0
seq_tbb                             9000000              seqspawn  12   4.7301184 4.781605 4.9422497   0 0 0
seq_tbb                             9000000              seqspawn  16   4.702773 4.7680938 4.8255369   0 0 0
seq_tbb                             9000000              seqspawn  32   5.3631629 5.4419415 5.5381893   0 0 0
seq_tbb                             10000000             seqspawn  1    2.0297022 2.0496353 2.059023   0 0 0
seq_tbb                             10000000             seqspawn  2    4.4759125 4.5293038 4.6506355   0 0 0
seq_tbb                             10000000             seqspawn  4    3.7132555 3.7921057 3.9173963   0 0 0
seq_tbb                             10000000             seqspawn  8    4.0656675 4.072648 4.1375916   0 0 0
seq_tbb                             10000000             seqspawn  12   5.2342424 5.4010636 5.7433918   0 0 0
seq_tbb                             10000000             seqspawn  16   5.4122997 5.53941 5.5786475   0 0 0
seq_tbb                             10000000             seqspawn  32   5.9654306 6.052783 6.1666325   0 0 0
par_cilk                            1000000              parspawn  1    0.0233171 0.0234013 0.0234471   0 0 0
par_cilk                            1000000              parspawn  2    0.0118623 0.0119342 0.0121498   0 0 0
par_cilk                            1000000              parspawn  4    0.0064314 0.0066243 0.006675   0 0 0
par_cilk                            1000000              parspawn  8    0.0046583 0.0050269 0.0052553   0 0 0
par_cilk                            1000000              parspawn  12   0.0042275 0.0044216 0.0045499   0 0 0
par_cilk                            1000000              parspawn  16   0.0041948 0.0045855 0.0048769   0 0 0
par_cilk                            1000000              parspawn  32   0.005653 0.0069607 0.0071949   0 0 0
par_cilk                            2000000              parspawn  1    0.0465678 0.0466178 0.0467476   0 0 0
par_cilk                            2000000              parspawn  2    0.0234531 0.0234672 0.0234789   0 0 0
par_cilk                            2000000              parspawn  4    0.0123091 0.0125496 0.0127088   0 0 0
par_cilk                            2000000              parspawn  8    0.0078987 0.0081228 0.0084195   0 0 0
par_cilk                            2000000              parspawn  12   0.0067301 0.0069841 0.0072485   0 0 0
par_cilk                            2000000              parspawn  16   0.0062665 0.0066403 0.0073947   0 0 0
par_cilk                            2000000              parspawn  32   0.0078775 0.0083052 0.008568   0 0 0
par_cilk                            3000000              parspawn  1    0.0700211 0.0701544 0.0702694   0 0 0
par_cilk                            3000000              parspawn  2    0.0351295 0.0351741 0.0352321   0 0 0
par_cilk                            3000000              parspawn  4    0.0183664 0.0184721 0.0187555   0 0 0
par_cilk                            3000000              parspawn  8    0.0102429 0.0107966 0.0116077   0 0 0
par_cilk                            3000000              parspawn  12   0.0087658 0.0093133 0.0098932   0 0 0
par_cilk                            3000000              parspawn  16   0.0077719 0.0082009 0.0089337   0 0 0
par_cilk                            3000000              parspawn  32   0.0087481 0.0091072 0.0118872   0 0 0
par_cilk                            4000000              parspawn  1    0.0932345 0.0932967 0.0935553   0 0 0
par_cilk                            4000000              parspawn  2    0.0467016 0.0467258 0.0467783   0 0 0
par_cilk                            4000000              parspawn  4    0.0242086 0.0244505 0.0245785   0 0 0
par_cilk                            4000000              parspawn  8    0.0138216 0.0146613 0.0159086   0 0 0
par_cilk                            4000000              parspawn  12   0.0109598 0.0115511 0.0121246   0 0 0
par_cilk                            4000000              parspawn  16   0.0100576 0.0102888 0.0125143   0 0 0
par_cilk                            4000000              parspawn  32   0.0112166 0.0115883 0.020264   0 0 0
par_cilk                            5000000              parspawn  1    0.115826 0.1166519 0.1166935   0 0 0
par_cilk                            5000000              parspawn  2    0.0583356 0.0584174 0.0585219   0 0 0
par_cilk                            5000000              parspawn  4    0.0302978 0.0303109 0.030373   0 0 0
par_cilk                            5000000              parspawn  8    0.0169972 0.0177848 0.0192288   0 0 0
par_cilk                            5000000              parspawn  12   0.0130909 0.0133665 0.0146819   0 0 0
par_cilk                            5000000              parspawn  16   0.011423 0.0117254 0.0124234   0 0 0
par_cilk                            5000000              parspawn  32   0.0134739 0.0136183 0.0141938   0 0 0
par_cilk                            6000000              parspawn  1    0.1389116 0.1394556 0.1435636   0 0 0
par_cilk                            6000000              parspawn  2    0.0698628 0.0699129 0.0699956   0 0 0
par_cilk                            6000000              parspawn  4    0.0359737 0.0361367 0.0363421   0 0 0
par_cilk                            6000000              parspawn  8    0.0198664 0.0200797 0.0224515   0 0 0
par_cilk                            6000000              parspawn  12   0.0145353 0.0159915 0.0168293   0 0 0
par_cilk                            6000000              parspawn  16   0.012561 0.0133787 0.0143112   0 0 0
par_cilk                            6000000              parspawn  32   0.0121579 0.0158725 0.0162182   0 0 0
par_cilk                            7000000              parspawn  1    0.1633615 0.163488 0.1635419   0 0 0
par_cilk                            7000000              parspawn  2    0.0815124 0.0815656 0.081643   0 0 0
par_cilk                            7000000              parspawn  4    0.0417125 0.0420852 0.0423152   0 0 0
par_cilk                            7000000              parspawn  8    0.02285 0.0235077 0.0243019   0 0 0
par_cilk                            7000000              parspawn  12   0.0171774 0.0180272 0.019059   0 0 0
par_cilk                            7000000              parspawn  16   0.0152427 0.0153159 0.0157819   0 0 0
par_cilk                            7000000              parspawn  32   0.0135213 0.0170725 0.0191327   0 0 0
par_cilk                            8000000              parspawn  1    0.1858594 0.1859771 0.1861498   0 0 0
par_cilk                            8000000              parspawn  2    0.093052 0.0932198 0.0938455   0 0 0
par_cilk                            8000000              parspawn  4    0.0471735 0.048012 0.0481448   0 0 0
par_cilk                            8000000              parspawn  8    0.025931 0.0265064 0.0295253   0 0 0
par_cilk                            8000000              parspawn  12   0.019242 0.0198466 0.0217659   0 0 0
par_cilk                            8000000              parspawn  16   0.0160189 0.0173429 0.0181865   0 0 0
par_cilk                            8000000              parspawn  32   0.0154696 0.0160117 0.019111   0 0 0
par_cilk                            9000000              parspawn  1    0.2085213 0.2090461 0.2092481   0 0 0
par_cilk                            9000000              parspawn  2    0.1047678 0.1050661 0.105458   0 0 0
par_cilk                            9000000              parspawn  4    0.0533015 0.0537501 0.0539267   0 0 0
par_cilk                            9000000              parspawn  8    0.0288028 0.0303006 0.0314407   0 0 0
par_cilk                            9000000              parspawn  12   0.0223085 0.0229164 0.0232528   0 0 0
par_cilk                            9000000              parspawn  16   0.0182847 0.0202056 0.0209959   0 0 0
par_cilk                            9000000              parspawn  32   0.0173617 0.0184368 0.0257917   0 0 0
par_cilk                            10000000             parspawn  1    0.2333836 0.2335819 0.2390635   0 0 0
par_cilk                            10000000             parspawn  2    0.1165823 0.1168477 0.1169821   0 0 0
par_cilk                            10000000             parspawn  4    0.0598819 0.0599001 0.0599978   0 0 0
par_cilk                            10000000             parspawn  8    0.0323207 0.0331933 0.0359721   0 0 0
par_cilk                            10000000             parspawn  12   0.0229476 0.0246986 0.0249506   0 0 0
par_cilk                            10000000             parspawn  16   0.0199741 0.0207642 0.0208792   0 0 0
par_cilk                            10000000             parspawn  32   0.0171873 0.0198491 0.0264896   0 0 0
par_hpx                             1000000              parspawn  1    0.4411137 0.4414518 0.4435371   0 0 0
par_hpx                             1000000              parspawn  2    0.2542151 0.2775638 0.2832131   0 0 0
par_hpx                             1000000              parspawn  4    0.209292 0.2247288 0.2393786   0 0 0
par_hpx                             1000000              parspawn  8    0.2076264 0.2085974 0.2091564   0 0 0
par_hpx                             1000000              parspawn  12   0.1988501 0.2014584 0.2015665   0 0 0
par_hpx                             1000000              parspawn  16   0.1921092 0.1936803 0.197689   0 0 0
par_hpx                             1000000              parspawn  32   0.1171857 0.1180003 0.1190976   0 0 0
par_hpx                             2000000              parspawn  1    0.8987275 0.9045844 0.9051483   0 0 0
par_hpx                             2000000              parspawn  2    0.560847 0.5634506 0.5649801   0 0 0
par_hpx                             2000000              parspawn  4    0.455427 0.4660883 0.4678952   0 0 0
par_hpx                             2000000              parspawn  8    0.4094709 0.4173192 0.4183896   0 0 0
par_hpx                             2000000              parspawn  12   0.3938226 0.401402 0.4058364   0 0 0
par_hpx                             2000000              parspawn  16   0.3816464 0.3912596 0.394796   0 0 0
par_hpx                             2000000              parspawn  32   0.2333336 0.2355458 0.2392145   0 0 0
par_hpx                             3000000              parspawn  1    1.3554884 1.3568429 1.3646577   0 0 0
par_hpx                             3000000              parspawn  2    0.8505454 0.8534234 0.855749   0 0 0
par_hpx                             3000000              parspawn  4    0.6745955 0.6893243 0.6994941   0 0 0
par_hpx                             3000000              parspawn  8    0.6163202 0.6237672 0.6278234   0 0 0
par_hpx                             3000000              parspawn  12   0.6013221 0.602868 0.6054388   0 0 0
par_hpx                             3000000              parspawn  16   0.5748369 0.5798482 0.5921458   0 0 0
par_hpx                             3000000              parspawn  32   0.3507567 0.3520243 0.3560387   0 0 0
par_hpx                             4000000              parspawn  1    1.8169203 1.8172449 1.822059   0 0 0
par_hpx                             4000000              parspawn  2    1.1249306 1.143399 1.146349   0 0 0
par_hpx                             4000000              parspawn  4    0.901794 0.9083206 0.9326503   0 0 0
par_hpx                             4000000              parspawn  8    0.8206567 0.8331415 0.8373103   0 0 0
par_hpx                             4000000              parspawn  12   0.7855704 0.8097071 0.8115137   0 0 0
par_hpx                             4000000              parspawn  16   0.7593392 0.7856665 0.790087   0 0 0
par_hpx                             4000000              parspawn  32   0.4652907 0.4727255 0.4776888   0 0 0
par_hpx                             5000000              parspawn  1    2.1916292 2.1922442 2.2100873   0 0 0
par_hpx                             5000000              parspawn  2    1.3675865 1.3955852 1.4033439   0 0 0
par_hpx                             5000000              parspawn  4    1.1245307 1.1348593 1.1491232   0 0 0
par_hpx                             5000000              parspawn  8    1.0041404 1.040246 1.0497745   0 0 0
par_hpx                             5000000              parspawn  12   0.9709939 1.0041588 1.0174711   0 0 0
par_hpx                             5000000              parspawn  16   0.9502469 0.9773187 0.985392   0 0 0
par_hpx                             5000000              parspawn  32   0.5808879 0.5828528 0.5919547   0 0 0
par_hpx                             6000000              parspawn  1    2.6113269 2.612054 2.6139971   0 0 0
par_hpx                             6000000              parspawn  2    1.6458733 1.653566 1.6589712   0 0 0
par_hpx                             6000000              parspawn  4    1.2589485 1.3363207 1.3595276   0 0 0
par_hpx                             6000000              parspawn  8    1.222473 1.2518643 1.2552867   0 0 0
par_hpx                             6000000              parspawn  12   1.204372 1.2100649 1.2142263   0 0 0
par_hpx                             6000000              parspawn  16   1.1489595 1.1500499 1.1775481   0 0 0
par_hpx                             6000000              parspawn  32   0.7001045 0.705046 0.7090373   0 0 0
par_hpx                             7000000              parspawn  1    3.1184476 3.1190017 3.1208677   0 0 0
par_hpx                             7000000              parspawn  2    1.9557151 1.9717666 1.9866301   0 0 0
par_hpx                             7000000              parspawn  4    1.5781741 1.6160682 1.6421453   0 0 0
par_hpx                             7000000              parspawn  8    1.4339064 1.4578471 1.4611934   0 0 0
par_hpx                             7000000              parspawn  12   1.3908214 1.4079363 1.4134919   0 0 0
par_hpx                             7000000              parspawn  16   1.3286692 1.3348638 1.3818194   0 0 0
par_hpx                             7000000              parspawn  32   0.8145558 0.8237201 0.8291122   0 0 0
par_hpx                             8000000              parspawn  1    3.524743 3.5515017 3.5524989   0 0 0
par_hpx                             8000000              parspawn  2    2.2069043 2.2234785 2.2442595   0 0 0
par_hpx                             8000000              parspawn  4    1.6754433 1.8478524 1.8572455   0 0 0
par_hpx                             8000000              parspawn  8    1.6560891 1.660598 1.6703566   0 0 0
par_hpx                             8000000              parspawn  12   1.5964202 1.6121971 1.6210279   0 0 0
par_hpx                             8000000              parspawn  16   1.5158191 1.5288679 1.569662   0 0 0
par_hpx                             8000000              parspawn  32   0.9280492 0.9330676 0.9452678   0 0 0
par_hpx                             9000000              parspawn  1    4.0139972 4.0557614 4.06224   0 0 0
par_hpx                             9000000              parspawn  2    2.4913525 2.5449602 2.5500857   0 0 0
par_hpx                             9000000              parspawn  4    2.0232659 2.0860051 2.0997472   0 0 0
par_hpx                             9000000              parspawn  8    1.8612968 1.8762731 1.8885096   0 0 0
par_hpx                             9000000              parspawn  12   1.7764457 1.8006778 1.831716   0 0 0
par_hpx                             9000000              parspawn  16   1.7126033 1.7329546 1.7356957   0 0 0
par_hpx                             9000000              parspawn  32   1.0519569 1.059654 1.0618352   0 0 0
par_hpx                             10000000             parspawn  1    4.4315971 4.4341838 4.4378493   0 0 0
par_hpx                             10000000             parspawn  2    2.7866348 2.8044514 2.8129901   0 0 0
par_hpx                             10000000             parspawn  4    2.258393 2.2683161 2.3213569   0 0 0
par_hpx                             10000000             parspawn  8    2.0482204 2.0834858 2.1158411   0 0 0
par_hpx                             10000000             parspawn  12   2.0055137 2.0198192 2.0266041   0 0 0
par_hpx                             10000000             parspawn  16   1.916396 1.9176373 1.9649468   0 0 0
par_hpx                             10000000             parspawn  32   1.1678574 1.1805146 1.1827614   0 0 0
par_omp                             1000000              parspawn  1    0.0392852 0.0403216 0.0407172   0 0 0
par_omp                             1000000              parspawn  2    0.0449796 0.0459211 0.0486372   0 0 0
par_omp                             1000000              parspawn  4    0.0461141 0.0473247 0.0580697   0 0 0
par_omp                             1000000              parspawn  8    0.0457369 0.0471069 0.048166   0 0 0
par_omp                             1000000              parspawn  12   0.0465815 0.0470998 0.0496003   0 0 0
par_omp                             1000000              parspawn  16   0.04477 0.0509945 0.0731672   0 0 0
par_omp                             1000000              parspawn  32   0.0467462 0.0726265 0.0750028   0 0 0
par_omp                             2000000              parspawn  1    0.0805278 0.0810561 0.0818945   0 0 0
par_omp                             2000000              parspawn  2    0.0900177 0.0915463 0.0928338   0 0 0
par_omp                             2000000              parspawn  4    0.0898373 0.0912268 0.091602   0 0 0
par_omp                             2000000              parspawn  8    0.0806058 0.0934079 0.1065057   0 0 0
par_omp                             2000000              parspawn  12   0.0949642 0.0959871 0.0996439   0 0 0
par_omp                             2000000              parspawn  16   0.0841302 0.0979366 0.1122442   0 0 0
par_omp                             2000000              parspawn  32   0.1433171 0.1507199 0.1563562   0 0 0
par_omp                             3000000              parspawn  1    0.1193282 0.1197888 0.1208178   0 0 0
par_omp                             3000000              parspawn  2    0.1354701 0.1378912 0.1383477   0 0 0
par_omp                             3000000              parspawn  4    0.1375112 0.1381241 0.1418165   0 0 0
par_omp                             3000000              parspawn  8    0.13767 0.1391039 0.139726   0 0 0
par_omp                             3000000              parspawn  12   0.1409562 0.1411107 0.1453914   0 0 0
par_omp                             3000000              parspawn  16   0.1446946 0.1487511 0.1541343   0 0 0
par_omp                             3000000              parspawn  32   0.1705261 0.2225138 0.2271585   0 0 0
par_omp                             4000000              parspawn  1    0.1592279 0.1605643 0.1613325   0 0 0
par_omp                             4000000              parspawn  2    0.176434 0.1812278 0.1835131   0 0 0
par_omp                             4000000              parspawn  4    0.178707 0.1823071 0.1869046   0 0 0
par_omp                             4000000              parspawn  8    0.1875084 0.1879104 0.1955352   0 0 0
par_omp                             4000000              parspawn  12   0.1732077 0.1879586 0.194417   0 0 0
par_omp                             4000000              parspawn  16   0.1956502 0.2020092 0.2206529   0 0 0
par_omp                             4000000              parspawn  32   0.2731241 0.3002029 0.3085629   0 0 0
par_omp                             5000000              parspawn  1    0.2018794 0.2021502 0.2027617   0 0 0
par_omp                             5000000              parspawn  2    0.2260082 0.2279122 0.2320817   0 0 0
par_omp                             5000000              parspawn  4    0.227783 0.2287635 0.2352186   0 0 0
par_omp                             5000000              parspawn  8    0.2125797 0.2334589 0.2413767   0 0 0
par_omp                             5000000              parspawn  12   0.2333543 0.2421281 0.2448277   0 0 0
par_omp                             5000000              parspawn  16   0.223325 0.2438007 0.2455504   0 0 0
par_omp                             5000000              parspawn  32   0.3288714 0.3796624 0.3810201   0 0 0
par_omp                             6000000              parspawn  1    0.241398 0.2416391 0.2424047   0 0 0
par_omp                             6000000              parspawn  2    0.2676017 0.2749446 0.2759668   0 0 0
par_omp                             6000000              parspawn  4    0.2746439 0.2769155 0.284222   0 0 0
par_omp                             6000000              parspawn  8    0.2755691 0.2789102 0.2833818   0 0 0
par_omp                             6000000              parspawn  12   0.2616704 0.2866338 0.2895168   0 0 0
par_omp                             6000000              parspawn  16   0.2648905 0.2862872 0.2942034   0 0 0
par_omp                             6000000              parspawn  32   0.4276455 0.4305333 0.4311617   0 0 0
par_omp                             7000000              parspawn  1    0.2806605 0.2820019 0.2825935   0 0 0
par_omp                             7000000              parspawn  2    0.315344 0.3172291 0.3227521   0 0 0
par_omp                             7000000              parspawn  4    0.3190487 0.3212722 0.3252952   0 0 0
par_omp                             7000000              parspawn  8    0.3267938 0.3311706 0.3348957   0 0 0
par_omp                             7000000              parspawn  12   0.3081411 0.3342889 0.3400716   0 0 0
par_omp                             7000000              parspawn  16   0.3443398 0.3502375 0.365857   0 0 0
par_omp                             7000000              parspawn  32   0.4658165 0.4746796 0.4767679   0 0 0
par_omp                             8000000              parspawn  1    0.3182813 0.3198744 0.3202545   0 0 0
par_omp                             8000000              parspawn  2    0.333471 0.3581227 0.3627058   0 0 0
par_omp                             8000000              parspawn  4    0.3632935 0.3647107 0.3767595   0 0 0
par_omp                             8000000              parspawn  8    0.369912 0.3729185 0.3823576   0 0 0
par_omp                             8000000              parspawn  12   0.3469357 0.3782054 0.3869626   0 0 0
par_omp                             8000000              parspawn  16   0.3558489 0.4054854 0.4147933   0 0 0
par_omp                             8000000              parspawn  32   0.4992141 0.5196922 0.5285931   0 0 0
par_omp                             9000000              parspawn  1    0.361396 0.3617676 0.365013   0 0 0
par_omp                             9000000              parspawn  2    0.4051217 0.4086144 0.4117751   0 0 0
par_omp                             9000000              parspawn  4    0.4082814 0.4172344 0.4197978   0 0 0
par_omp                             9000000              parspawn  8    0.4236252 0.4340604 0.4371153   0 0 0
par_omp                             9000000              parspawn  12   0.4288751 0.4300314 0.4319227   0 0 0
par_omp                             9000000              parspawn  16   0.3907898 0.4348158 0.4465535   0 0 0
par_omp                             9000000              parspawn  32   0.5507282 0.5645924 0.5727871   0 0 0
par_omp                             10000000             parspawn  1    0.4008942 0.4018531 0.4065963   0 0 0
par_omp                             10000000             parspawn  2    0.4433041 0.4523706 0.4564906   0 0 0
par_omp                             10000000             parspawn  4    0.4433495 0.4491955 0.4583622   0 0 0
par_omp                             10000000             parspawn  8    0.4636457 0.4727846 0.4773125   0 0 0
par_omp                             10000000             parspawn  12   0.4420698 0.4771905 0.4862503   0 0 0
par_omp                             10000000             parspawn  16   0.4692163 0.4847991 0.49356   0 0 0
par_omp                             10000000             parspawn  32   0.6008919 0.6121856 0.6137656   0 0 0
par_qthreads                        1000000              parspawn  2    0.8449839 0.8547367 0.9620249   0 0 0
par_qthreads                        1000000              parspawn  4    0.4230435 0.4424445 0.4701578   0 0 0
par_qthreads                        1000000              parspawn  8    0.1845259 0.2016778 0.2095206   0 0 0
par_qthreads                        1000000              parspawn  12   0.1244272 0.1335012 0.136686   0 0 0
par_qthreads                        1000000              parspawn  16   0.0974228 0.1086338 0.1136077   0 0 0
par_qthreads                        1000000              parspawn  32   0.072318 0.083292 0.0860701   0 0 0
par_qthreads                        2000000              parspawn  2    1.7085061 1.7918418 1.8669625   0 0 0
par_qthreads                        2000000              parspawn  4    0.874141 0.8853135 0.8922049   0 0 0
par_qthreads                        2000000              parspawn  8    0.4071333 0.4141399 0.4210299   0 0 0
par_qthreads                        2000000              parspawn  12   0.2364299 0.2455495 0.2739952   0 0 0
par_qthreads                        2000000              parspawn  16   0.1999096 0.2151283 0.2392964   0 0 0
par_qthreads                        2000000              parspawn  32   0.1115263 0.144135 0.163134   0 0 0
par_qthreads                        3000000              parspawn  2    2.5581402 2.6525757 2.7035128   0 0 0
par_qthreads                        3000000              parspawn  4    1.3052843 1.3316414 1.3984286   0 0 0
par_qthreads                        3000000              parspawn  8    0.6191335 0.6260511 0.6430583   0 0 0
par_qthreads                        3000000              parspawn  12   0.353103 0.3870872 0.3981644   0 0 0
par_qthreads                        3000000              parspawn  16   0.2929915 0.3347432 0.383879   0 0 0
par_qthreads                        3000000              parspawn  32   0.1761467 0.1915124 0.2122011   0 0 0
par_qthreads                        4000000              parspawn  2    3.3975256 3.4128788 3.8259895   0 0 0
par_qthreads                        4000000              parspawn  4    1.767051 1.8389028 2.1760799   0 0 0
par_qthreads                        4000000              parspawn  8    0.8204751 0.8432314 0.8902046   0 0 0
par_qthreads                        4000000              parspawn  12   0.4909331 0.5346231 0.5666567   0 0 0
par_qthreads                        4000000              parspawn  16   0.4192381 0.4544249 0.4858541   0 0 0
par_qthreads                        4000000              parspawn  32   0.2170754 0.2815534 0.2911254   0 0 0
par_qthreads                        5000000              parspawn  2    4.2247607 4.488169 4.6938158   0 0 0
par_qthreads                        5000000              parspawn  4    2.0320104 2.1639478 2.2983426   0 0 0
par_qthreads                        5000000              parspawn  8    1.021898 1.0403966 1.1538058   0 0 0
par_qthreads                        5000000              parspawn  12   0.6550079 0.6971686 0.7312175   0 0 0
par_qthreads                        5000000              parspawn  16   0.4962615 0.5715623 0.6497389   0 0 0
par_qthreads                        5000000              parspawn  32   0.246598 0.2900518 0.3631132   0 0 0
par_qthreads                        6000000              parspawn  2    5.0804745 5.1398225 5.6877227   0 0 0
par_qthreads                        6000000              parspawn  4    2.5139951 2.6018218 2.7869058   0 0 0
par_qthreads                        6000000              parspawn  8    1.2240501 1.2359596 1.3861567   0 0 0
par_qthreads                        6000000              parspawn  12   0.7451967 0.7570237 0.8409065   0 0 0
par_qthreads                        6000000              parspawn  16   0.579803 0.7448193 0.7583782   0 0 0
par_qthreads                        6000000              parspawn  32   0.3178797 0.4038276 0.4243426   0 0 0
par_qthreads                        7000000              parspawn  2    5.9658166 6.124614 6.2827199   0 0 0
par_qthreads                        7000000              parspawn  4    3.0175542 3.0913163 3.3056613   0 0 0
par_qthreads                        7000000              parspawn  8    1.4119575 1.5100128 1.6420003   0 0 0
par_qthreads                        7000000              parspawn  12   0.8835186 1.0041127 1.0467743   0 0 0
par_qthreads                        7000000              parspawn  16   0.7145041 0.7762568 0.8612914   0 0 0
par_qthreads                        7000000              parspawn  32   0.3772078 0.4606247 0.4803951   0 0 0
par_qthreads                        8000000              parspawn  2    6.7744957 6.8811834 7.3784089   0 0 0
par_qthreads                        8000000              parspawn  4    3.5713194 3.6488206 4.0227028   0 0 0
par_qthreads                        8000000              parspawn  8    1.6616709 1.6895886 1.8940882   0 0 0
par_qthreads                        8000000              parspawn  12   1.1052093 1.1655527 1.2115283   0 0 0
par_qthreads                        8000000              parspawn  16   0.8597133 0.8905125 0.921041   0 0 0
par_qthreads                        8000000              parspawn  32   0.421176 0.4389825 0.4741481   0 0 0
par_qthreads                        9000000              parspawn  2    7.65499 8.0520479 8.63195   0 0 0
par_qthreads                        9000000              parspawn  4    4.02366 4.3709678 4.6142261   0 0 0
par_qthreads                        9000000              parspawn  8    1.8202544 1.875572 1.9987141   0 0 0
par_qthreads                        9000000              parspawn  12   1.2421085 1.3180159 1.3630781   0 0 0
par_qthreads                        9000000              parspawn  16   1.0159261 1.0847629 1.136345   0 0 0
par_qthreads                        9000000              parspawn  32   0.5157467 0.5618414 0.605901   0 0 0
par_qthreads                        10000000             parspawn  2    8.4660839 9.0069194 9.5328404   0 0 0
par_qthreads                        10000000             parspawn  4    4.2066382 4.3552007 4.7945499   0 0 0
par_qthreads                        10000000             parspawn  8    2.0130479 2.1203661 2.33102   0 0 0
par_qthreads                        10000000             parspawn  12   1.1742214 1.324003 1.4583041   0 0 0
par_qthreads                        10000000             parspawn  16   1.0009584 1.1977074 1.3059632   0 0 0
par_qthreads                        10000000             parspawn  32   0.5055893 0.6090997 0.7176644   0 0 0
par_tbb                             1000000              parspawn  1    0.1087962 0.1092744 0.1096567   0 0 0
par_tbb                             1000000              parspawn  2    0.1352393 0.1365685 0.1399099   0 0 0
par_tbb                             1000000              parspawn  4    0.1163243 0.1178432 0.1219698   0 0 0
par_tbb                             1000000              parspawn  8    0.1083956 0.1120754 0.1133647   0 0 0
par_tbb                             1000000              parspawn  12   0.1115338 0.1137695 0.1150785   0 0 0
par_tbb                             1000000              parspawn  16   0.1080016 0.1095173 0.1124696   0 0 0
par_tbb                             1000000              parspawn  32   0.0869708 0.0874563 0.0885271   0 0 0
par_tbb                             2000000              parspawn  1    0.2383438 0.2390931 0.2394795   0 0 0
par_tbb                             2000000              parspawn  2    0.2816007 0.2822607 0.2865799   0 0 0
par_tbb                             2000000              parspawn  4    0.2356094 0.2396539 0.2442581   0 0 0
par_tbb                             2000000              parspawn  8    0.2239063 0.2291224 0.2319701   0 0 0
par_tbb                             2000000              parspawn  12   0.2233545 0.2249188 0.2306775   0 0 0
par_tbb                             2000000              parspawn  16   0.2123564 0.2181975 0.2296411   0 0 0
par_tbb                             2000000              parspawn  32   0.1653083 0.1687104 0.1776177   0 0 0
par_tbb                             3000000              parspawn  1    0.3640681 0.3677208 0.3687945   0 0 0
par_tbb                             3000000              parspawn  2    0.3413456 0.4178463 0.422159   0 0 0
par_tbb                             3000000              parspawn  4    0.3631243 0.3657596 0.3751649   0 0 0
par_tbb                             3000000              parspawn  8    0.3398567 0.3438934 0.3508986   0 0 0
par_tbb                             3000000              parspawn  12   0.3313451 0.3400548 0.3421041   0 0 0
par_tbb                             3000000              parspawn  16   0.3293825 0.3344711 0.3378391   0 0 0
par_tbb                             3000000              parspawn  32   0.2466618 0.2512321 0.2520958   0 0 0
par_tbb                             4000000              parspawn  1    0.493791 0.4989062 0.4996485   0 0 0
par_tbb                             4000000              parspawn  2    0.465428 0.5669219 0.5712171   0 0 0
par_tbb                             4000000              parspawn  4    0.4809068 0.4815244 0.5007148   0 0 0
par_tbb                             4000000              parspawn  8    0.4222728 0.4533562 0.4586539   0 0 0
par_tbb                             4000000              parspawn  12   0.4187448 0.4530949 0.4620394   0 0 0
par_tbb                             4000000              parspawn  16   0.436689 0.4442944 0.446668   0 0 0
par_tbb                             4000000              parspawn  32   0.3275682 0.3323429 0.3354933   0 0 0
par_tbb                             5000000              parspawn  1    0.6324394 0.6339695 0.64119   0 0 0
par_tbb                             5000000              parspawn  2    0.6991437 0.7151749 0.7209103   0 0 0
par_tbb                             5000000              parspawn  4    0.6065801 0.6188174 0.6417578   0 0 0
par_tbb                             5000000              parspawn  8    0.555045 0.5713184 0.5852238   0 0 0
par_tbb                             5000000              parspawn  12   0.5549877 0.5589177 0.5747951   0 0 0
par_tbb                             5000000              parspawn  16   0.5452528 0.5542796 0.5695022   0 0 0
par_tbb                             5000000              parspawn  32   0.3997151 0.4070609 0.4111429   0 0 0
par_tbb                             6000000              parspawn  1    0.7542598 0.7554331 0.7560545   0 0 0
par_tbb                             6000000              parspawn  2    0.8350788 0.8397649 0.8715832   0 0 0
par_tbb                             6000000              parspawn  4    0.712815 0.7340876 0.7420338   0 0 0
par_tbb                             6000000              parspawn  8    0.673346 0.6917617 0.7067344   0 0 0
par_tbb                             6000000              parspawn  12   0.6695167 0.6859336 0.7002825   0 0 0
par_tbb                             6000000              parspawn  16   0.6656738 0.6740021 0.6813169   0 0 0
par_tbb                             6000000              parspawn  32   0.4879872 0.4920486 0.4987743   0 0 0
par_tbb                             7000000              parspawn  1    0.8808475 0.8884841 0.8970956   0 0 0
par_tbb                             7000000              parspawn  2    0.9884014 0.9931166 1.0105346   0 0 0
par_tbb                             7000000              parspawn  4    0.8434179 0.8496808 0.8768915   0 0 0
par_tbb                             7000000              parspawn  8    0.7888541 0.7927092 0.8167256   0 0 0
par_tbb                             7000000              parspawn  12   0.7832566 0.7930192 0.8116614   0 0 0
par_tbb                             7000000              parspawn  16   0.7705675 0.7851861 0.7973337   0 0 0
par_tbb                             7000000              parspawn  32   0.5582681 0.5700442 0.5844577   0 0 0
par_tbb                             8000000              parspawn  1    1.0160224 1.0162473 1.0213987   0 0 0
par_tbb                             8000000              parspawn  2    1.1353755 1.1459156 1.1612757   0 0 0
par_tbb                             8000000              parspawn  4    0.969792 0.9827475 0.9935539   0 0 0
par_tbb                             8000000              parspawn  8    0.8994681 0.9143439 0.9303912   0 0 0
par_tbb                             8000000              parspawn  12   0.9101533 0.9206067 0.9261717   0 0 0
par_tbb                             8000000              parspawn  16   0.8613593 0.897224 0.9042495   0 0 0
par_tbb                             8000000              parspawn  32   0.6518117 0.6583124 0.6646354   0 0 0
par_tbb                             9000000              parspawn  1    1.1540026 1.1541616 1.1552775   0 0 0
par_tbb                             9000000              parspawn  2    1.267219 1.279971 1.3128959   0 0 0
par_tbb                             9000000              parspawn  4    1.084959 1.0969508 1.1123221   0 0 0
par_tbb                             9000000              parspawn  8    1.0008729 1.0274974 1.0491167   0 0 0
par_tbb                             9000000              parspawn  12   1.0103267 1.0130426 1.0306893   0 0 0
par_tbb                             9000000              parspawn  16   0.9785904 1.018526 1.0325869   0 0 0
par_tbb                             9000000              parspawn  32   0.7104638 0.7271811 0.7399834   0 0 0
par_tbb                             10000000             parspawn  1    1.2627219 1.2980033 1.3010873   0 0 0
par_tbb                             10000000             parspawn  2    1.3880976 1.4296148 1.477003   0 0 0
par_tbb                             10000000             parspawn  4    1.2039326 1.2129903 1.233626   0 0 0
par_tbb                             10000000             parspawn  8    1.1408286 1.1454095 1.1579401   0 0 0
par_tbb                             10000000             parspawn  12   1.1149804 1.1625822 1.1788863   0 0 0
par_tbb                             10000000             parspawn  16   1.110043 1.123452 1.1429239   0 0 0
par_tbb                             10000000             parspawn  32   0.7995528 0.8128303 0.8162672   0 0 0
